0.000000000000000000e+00 0.000000000000000000e+00 0.000000000000000000e+00 0.000000000000000000e+00 0.000000000000000000e+00 3.231881903991319638e-02 7.609712339093438471e-03 0.000000000000000000e+00 0.000000000000000000e+00 0.000000000000000000e+00 0.000000000000000000e+00 0.000000000000000000e+00 0.000000000000000000e+00 0.000000000000000000e+00 0.000000000000000000e+00 0.000000000000000000e+00 0.000000000000000000e+00 0.000000000000000000e+00 0.000000000000000000e+00 0.000000000000000000e+00 0.000000000000000000e+00 0.000000000000000000e+00 0.000000000000000000e+00 0.000000000000000000e+00 0.000000000000000000e+00 1.457908240583023589e-02 0.000000000000000000e+00 0.000000000000000000e+00 0.000000000000000000e+00 0.000000000000000000e+00 0.000000000000000000e+00 0.000000000000000000e+00 0.000000000000000000e+00 0.000000000000000000e+00 0.000000000000000000e+00 0.000000000000000000e+00 0.000000000000000000e+00 0.000000000000000000e+00 0.000000000000000000e+00 0.000000000000000000e+00 0.000000000000000000e+00 0.000000000000000000e+00 0.000000000000000000e+00 0.000000000000000000e+00 0.000000000000000000e+00 0.000000000000000000e+00 0.000000000000000000e+00 0.000000000000000000e+00 0.000000000000000000e+00 0.000000000000000000e+00 0.000000000000000000e+00 0.000000000000000000e+00 0.000000000000000000e+00 0.000000000000000000e+00 0.000000000000000000e+00 0.000000000000000000e+00 0.000000000000000000e+00 0.000000000000000000e+00 0.000000000000000000e+00 0.000000000000000000e+00 0.000000000000000000e+00 0.000000000000000000e+00 0.000000000000000000e+00 0.000000000000000000e+00 0.000000000000000000e+00 0.000000000000000000e+00
0.000000000000000000e+00 0.000000000000000000e+00 0.000000000000000000e+00 0.000000000000000000e+00 0.000000000000000000e+00 5.385629484351830629e-03 1.383802329648914191e-02 1.074036916481965753e-02 5.331349786017838474e-03 0.000000000000000000e+00 0.000000000000000000e+00 5.358786279591899043e-03 1.715905897491983856e-01 0.000000000000000000e+00 0.000000000000000000e+00 5.035435521827716365e-02 1.175200715521156243e-02 0.000000000000000000e+00 6.731088006603048492e-03 0.000000000000000000e+00 5.795694058808681555e-03 0.000000000000000000e+00 0.000000000000000000e+00 0.000000000000000000e+00 0.000000000000000000e+00 0.000000000000000000e+00 0.000000000000000000e+00 0.000000000000000000e+00 0.000000000000000000e+00 0.000000000000000000e+00 0.000000000000000000e+00 0.000000000000000000e+00 0.000000000000000000e+00 0.000000000000000000e+00 0.000000000000000000e+00 0.000000000000000000e+00 0.000000000000000000e+00 0.000000000000000000e+00 0.000000000000000000e+00 0.000000000000000000e+00 0.000000000000000000e+00 0.000000000000000000e+00 0.000000000000000000e+00 0.000000000000000000e+00 0.000000000000000000e+00 0.000000000000000000e+00 1.102425292759146892e-02 0.000000000000000000e+00 0.000000000000000000e+00 0.000000000000000000e+00 0.000000000000000000e+00 0.000000000000000000e+00 0.000000000000000000e+00 0.000000000000000000e+00 0.000000000000000000e+00 0.000000000000000000e+00 0.000000000000000000e+00 0.000000000000000000e+00 0.000000000000000000e+00 0.000000000000000000e+00 0.000000000000000000e+00 1.184941756163692267e-01 0.000000000000000000e+00 0.000000000000000000e+00 0.000000000000000000e+00 0.000000000000000000e+00
0.000000000000000000e+00 0.000000000000000000e+00 0.000000000000000000e+00 0.000000000000000000e+00 0.000000000000000000e+00 1.813359915549329904e-02 1.425946324586461200e-01 2.741940687143631580e-02 0.000000000000000000e+00 2.089007150671884014e-02 6.639553025614189884e-03 0.000000000000000000e+00 0.000000000000000000e+00 0.000000000000000000e+00 0.000000000000000000e+00 0.000000000000000000e+00 0.000000000000000000e+00 2.082497430693049795e-02 0.000000000000000000e+00 4.094992022316539249e-01 0.000000000000000000e+00 0.000000000000000000e+00 0.000000000000000000e+00 0.000000000000000000e+00 0.000000000000000000e+00 0.000000000000000000e+00 7.510768811756578234e-02 0.000000000000000000e+00 0.000000000000000000e+00 0.000000000000000000e+00 0.000000000000000000e+00 0.000000000000000000e+00 0.000000000000000000e+00 1.482201922649194030e-02 0.000000000000000000e+00 0.000000000000000000e+00 0.000000000000000000e+00 0.000000000000000000e+00 0.000000000000000000e+00 5.115742660393340219e-03 0.000000000000000000e+00 0.000000000000000000e+00 0.000000000000000000e+00 0.000000000000000000e+00 7.065082053525687661e-03 0.000000000000000000e+00 0.000000000000000000e+00 0.000000000000000000e+00 0.000000000000000000e+00 5.727224853778805497e-02 0.000000000000000000e+00 0.000000000000000000e+00 0.000000000000000000e+00 0.000000000000000000e+00 0.000000000000000000e+00 0.000000000000000000e+00 0.000000000000000000e+00 0.000000000000000000e+00 0.000000000000000000e+00 0.000000000000000000e+00 0.000000000000000000e+00 0.000000000000000000e+00 0.000000000000000000e+00 0.000000000000000000e+00 0.000000000000000000e+00 0.000000000000000000e+00
0.000000000000000000e+00 0.000000000000000000e+00 0.000000000000000000e+00 0.000000000000000000e+00 0.000000000000000000e+00 7.239015458612239017e-03 0.000000000000000000e+00 0.000000000000000000e+00 0.000000000000000000e+00 6.910694693087797436e-02 0.000000000000000000e+00 0.000000000000000000e+00 0.000000000000000000e+00 1.821615655934418626e-02 0.000000000000000000e+00 0.000000000000000000e+00 0.000000000000000000e+00 0.000000000000000000e+00 2.156089472314269215e-02 0.000000000000000000e+00 3.609342203495697482e-02 0.000000000000000000e+00 0.000000000000000000e+00 0.000000000000000000e+00 0.000000000000000000e+00 0.000000000000000000e+00 0.000000000000000000e+00 0.000000000000000000e+00 0.000000000000000000e+00 0.000000000000000000e+00 4.668251653243338239e-02 7.104939703570504160e-03 0.000000000000000000e+00 0.000000000000000000e+00 0.000000000000000000e+00 0.000000000000000000e+00 0.000000000000000000e+00 8.202023787966110022e-03 0.000000000000000000e+00 0.000000000000000000e+00 0.000000000000000000e+00 2.040113222504724710e-01 0.000000000000000000e+00 0.000000000000000000e+00 0.000000000000000000e+00 0.000000000000000000e+00 0.000000000000000000e+00 1.051018094866164147e-02 0.000000000000000000e+00 0.000000000000000000e+00 0.000000000000000000e+00 0.000000000000000000e+00 6.757736264904386052e-03 0.000000000000000000e+00 0.000000000000000000e+00 0.000000000000000000e+00 0.000000000000000000e+00 0.000000000000000000e+00 1.393626239859937534e-02 0.000000000000000000e+00 0.000000000000000000e+00 0.000000000000000000e+00 8.378309750418871590e-03 0.000000000000000000e+00 0.000000000000000000e+00 0.000000000000000000e+00
0.000000000000000000e+00 0.000000000000000000e+00 0.000000000000000000e+00 0.000000000000000000e+00 0.000000000000000000e+00 1.852469829081830888e-01 1.569149060082759145e-02 1.084729116833089563e-01 1.498492537836198200e-02 0.000000000000000000e+00 5.900312598521081919e-02 0.000000000000000000e+00 2.046425918536936284e-01 0.000000000000000000e+00 7.810535236904000284e-03 0.000000000000000000e+00 0.000000000000000000e+00 0.000000000000000000e+00 1.320408865359861718e-02 0.000000000000000000e+00 0.000000000000000000e+00 0.000000000000000000e+00 9.228657284697393617e-03 0.000000000000000000e+00 0.000000000000000000e+00 0.000000000000000000e+00 0.000000000000000000e+00 0.000000000000000000e+00 0.000000000000000000e+00 5.581085609189184726e-03 0.000000000000000000e+00 0.000000000000000000e+00 0.000000000000000000e+00 1.324513806867246360e-02 0.000000000000000000e+00 0.000000000000000000e+00 0.000000000000000000e+00 0.000000000000000000e+00 0.000000000000000000e+00 0.000000000000000000e+00 0.000000000000000000e+00 0.000000000000000000e+00 0.000000000000000000e+00 0.000000000000000000e+00 0.000000000000000000e+00 0.000000000000000000e+00 0.000000000000000000e+00 0.000000000000000000e+00 0.000000000000000000e+00 0.000000000000000000e+00 0.000000000000000000e+00 0.000000000000000000e+00 0.000000000000000000e+00 0.000000000000000000e+00 0.000000000000000000e+00 0.000000000000000000e+00 0.000000000000000000e+00 5.488337491231365731e-03 3.240504992921926231e-02 0.000000000000000000e+00 5.115764879460281585e-03 0.000000000000000000e+00 0.000000000000000000e+00 0.000000000000000000e+00 0.000000000000000000e+00 5.236351937168185616e-02
3.231881903991319638e-02 5.385629484351830629e-03 1.813359915549329904e-02 7.239015458612239017e-03 1.852469829081830888e-01 0.000000000000000000e+00 5.040918284940928626e-03 1.578507860862128631e-02 6.475884552730042619e-03 3.082777677507626476e-02 0.000000000000000000e+00 0.000000000000000000e+00 0.000000000000000000e+00 1.515542627938069181e-02 1.143875095430950221e-02 0.000000000000000000e+00 0.000000000000000000e+00 0.000000000000000000e+00 0.000000000000000000e+00 0.000000000000000000e+00 0.000000000000000000e+00 0.000000000000000000e+00 0.000000000000000000e+00 0.000000000000000000e+00 0.000000000000000000e+00 0.000000000000000000e+00 0.000000000000000000e+00 0.000000000000000000e+00 1.049491951477966867e-02 0.000000000000000000e+00 0.000000000000000000e+00 0.000000000000000000e+00 0.000000000000000000e+00 0.000000000000000000e+00 3.489853756487519554e-02 5.724791680329577304e-03 1.346977240030162136e-02 0.000000000000000000e+00 0.000000000000000000e+00 1.290217459822368476e-02 0.000000000000000000e+00 0.000000000000000000e+00 0.000000000000000000e+00 0.000000000000000000e+00 6.183154257228072777e-03 5.199206718188655735e-03 0.000000000000000000e+00 0.000000000000000000e+00 5.967802119042128067e-03 0.000000000000000000e+00 5.606492187266602645e-02 0.000000000000000000e+00 0.000000000000000000e+00 0.000000000000000000e+00 1.780536853205417352e-02 0.000000000000000000e+00 0.000000000000000000e+00 0.000000000000000000e+00 0.000000000000000000e+00 0.000000000000000000e+00 0.000000000000000000e+00 0.000000000000000000e+00 0.000000000000000000e+00 0.000000000000000000e+00 0.000000000000000000e+00 0.000000000000000000e+00
7.609712339093438471e-03 1.383802329648914191e-02 1.425946324586461200e-01 0.000000000000000000e+00 1.569149060082759145e-02 5.040918284940928626e-03 0.000000000000000000e+00 8.012016319709045972e-03 1.159769501895112007e-02 0.000000000000000000e+00 0.000000000000000000e+00 0.000000000000000000e+00 2.631157541231841090e-01 0.000000000000000000e+00 9.782016744814318876e-03 0.000000000000000000e+00 1.025968687339474106e-01 0.000000000000000000e+00 0.000000000000000000e+00 2.184172005263242400e-01 0.000000000000000000e+00 0.000000000000000000e+00 0.000000000000000000e+00 0.000000000000000000e+00 0.000000000000000000e+00 0.000000000000000000e+00 0.000000000000000000e+00 1.184837984331183966e-02 3.509502164067779956e-02 0.000000000000000000e+00 0.000000000000000000e+00 0.000000000000000000e+00 0.000000000000000000e+00 0.000000000000000000e+00 0.000000000000000000e+00 0.000000000000000000e+00 1.907367893470755110e-02 0.000000000000000000e+00 0.000000000000000000e+00 0.000000000000000000e+00 1.755289404671441789e-01 0.000000000000000000e+00 0.000000000000000000e+00 1.217536913322005490e-02 0.000000000000000000e+00 3.192824971354481234e-02 0.000000000000000000e+00 4.157501916432896349e-01 0.000000000000000000e+00 0.000000000000000000e+00 0.000000000000000000e+00 0.000000000000000000e+00 0.000000000000000000e+00 0.000000000000000000e+00 0.000000000000000000e+00 0.000000000000000000e+00 1.739636268495972984e-02 0.000000000000000000e+00 0.000000000000000000e+00 0.000000000000000000e+00 0.000000000000000000e+00 7.588339358258434572e-03 0.000000000000000000e+00 1.033094419965318277e-02 0.000000000000000000e+00 0.000000000000000000e+00
0.000000000000000000e+00 1.074036916481965753e-02 2.741940687143631580e-02 0.000000000000000000e+00 1.084729116833089563e-01 1.578507860862128631e-02 8.012016319709045972e-03 0.000000000000000000e+00 7.728584428751157989e-03 5.223024525284905573e-03 1.227577581234911772e-02 8.932201219931894254e-02 0.000000000000000000e+00 0.000000000000000000e+00 1.029520425375963534e-02 0.000000000000000000e+00 5.419945218443250612e-02 0.000000000000000000e+00 3.595339750702822856e-01 0.000000000000000000e+00 0.000000000000000000e+00 0.000000000000000000e+00 0.000000000000000000e+00 5.398310900617368790e-02 1.137048165032328480e-02 0.000000000000000000e+00 0.000000000000000000e+00 0.000000000000000000e+00 0.000000000000000000e+00 0.000000000000000000e+00 0.000000000000000000e+00 0.000000000000000000e+00 1.246909790802339275e-02 0.000000000000000000e+00 9.164572484047252970e-03 1.673089328850737578e-01 0.000000000000000000e+00 0.000000000000000000e+00 0.000000000000000000e+00 5.197832907777151512e-03 0.000000000000000000e+00 0.000000000000000000e+00 0.000000000000000000e+00 6.537304605313652359e-03 0.000000000000000000e+00 0.000000000000000000e+00 2.913732400741618489e-02 0.000000000000000000e+00 0.000000000000000000e+00 4.305279092716252781e-02 0.000000000000000000e+00 0.000000000000000000e+00 0.000000000000000000e+00 0.000000000000000000e+00 0.000000000000000000e+00 5.838742106609757544e-03 0.000000000000000000e+00 0.000000000000000000e+00 0.000000000000000000e+00 0.000000000000000000e+00 0.000000000000000000e+00 0.000000000000000000e+00 0.000000000000000000e+00 0.000000000000000000e+00 0.000000000000000000e+00 0.000000000000000000e+00
0.000000000000000000e+00 5.331349786017838474e-03 0.000000000000000000e+00 0.000000000000000000e+00 1.498492537836198200e-02 6.475884552730042619e-03 1.159769501895112007e-02 7.728584428751157989e-03 0.000000000000000000e+00 7.974082402173156281e-03 3.993817189324276595e-02 2.927987238258683914e-02 2.293547648045991469e-02 0.000000000000000000e+00 1.555636799498996969e-01 9.168768651154729499e-02 0.000000000000000000e+00 0.000000000000000000e+00 0.000000000000000000e+00 0.000000000000000000e+00 0.000000000000000000e+00 0.000000000000000000e+00 2.357205921283846844e-02 5.245317089313437063e-03 1.052835179349827406e-02 1.399289725378489654e-02 0.000000000000000000e+00 0.000000000000000000e+00 0.000000000000000000e+00 0.000000000000000000e+00 0.000000000000000000e+00 4.156589468751552274e-02 0.000000000000000000e+00 0.000000000000000000e+00 6.136225446943799171e-03 7.238121495067641534e-03 0.000000000000000000e+00 3.795657722018562497e-02 0.000000000000000000e+00 0.000000000000000000e+00 0.000000000000000000e+00 0.000000000000000000e+00 0.000000000000000000e+00 0.000000000000000000e+00 0.000000000000000000e+00 0.000000000000000000e+00 6.158916974549009590e-03 0.000000000000000000e+00 0.000000000000000000e+00 0.000000000000000000e+00 0.000000000000000000e+00 0.000000000000000000e+00 0.000000000000000000e+00 0.000000000000000000e+00 0.000000000000000000e+00 0.000000000000000000e+00 0.000000000000000000e+00 0.000000000000000000e+00 0.000000000000000000e+00 0.000000000000000000e+00 0.000000000000000000e+00 6.794843566973636506e-02 0.000000000000000000e+00 0.000000000000000000e+00 0.000000000000000000e+00 9.290006823911008821e-03
0.000000000000000000e+00 0.000000000000000000e+00 2.089007150671884014e-02 6.910694693087797436e-02 0.000000000000000000e+00 3.082777677507626476e-02 0.000000000000000000e+00 5.223024525284905573e-03 7.974082402173156281e-03 0.000000000000000000e+00 2.535160831382559099e-01 7.439888865380559282e-03 0.000000000000000000e+00 1.246568942970903288e-01 0.000000000000000000e+00 0.000000000000000000e+00 0.000000000000000000e+00 0.000000000000000000e+00 7.393267039014330202e-03 7.734817837510404512e-03 3.015639994448597941e-02 0.000000000000000000e+00 0.000000000000000000e+00 0.000000000000000000e+00 0.000000000000000000e+00 0.000000000000000000e+00 0.000000000000000000e+00 3.811828080672198527e-02 0.000000000000000000e+00 0.000000000000000000e+00 0.000000000000000000e+00 1.232967123100902618e-01 0.000000000000000000e+00 0.000000000000000000e+00 0.000000000000000000e+00 0.000000000000000000e+00 5.212404575739511964e-03 0.000000000000000000e+00 0.000000000000000000e+00 0.000000000000000000e+00 0.000000000000000000e+00 0.000000000000000000e+00 0.000000000000000000e+00 0.000000000000000000e+00 0.000000000000000000e+00 5.616825964339928860e-03 0.000000000000000000e+00 0.000000000000000000e+00 0.000000000000000000e+00 0.000000000000000000e+00 0.000000000000000000e+00 0.000000000000000000e+00 0.000000000000000000e+00 9.615006008426229059e-03 0.000000000000000000e+00 0.000000000000000000e+00 3.571489154721954051e-01 1.752652742166373526e-02 0.000000000000000000e+00 0.000000000000000000e+00 0.000000000000000000e+00 0.000000000000000000e+00 0.000000000000000000e+00 0.000000000000000000e+00 0.000000000000000000e+00 0.000000000000000000e+00
0.000000000000000000e+00 0.000000000000000000e+00 6.639553025614189884e-03 0.000000000000000000e+00 5.900312598521081919e-02 0.000000000000000000e+00 0.000000000000000000e+00 1.227577581234911772e-02 3.993817189324276595e-02 2.535160831382559099e-01 0.000000000000000000e+00 1.575640554275288194e-02 7.759585778997249786e-03 3.267581959550651116e-01 0.000000000000000000e+00 4.661965246125809870e-02 7.969440620400934649e-02 2.559997681116570403e-02 0.000000000000000000e+00 0.000000000000000000e+00 0.000000000000000000e+00 0.000000000000000000e+00 0.000000000000000000e+00 0.000000000000000000e+00 0.000000000000000000e+00 0.000000000000000000e+00 5.521839110674683568e-03 0.000000000000000000e+00 0.000000000000000000e+00 0.000000000000000000e+00 0.000000000000000000e+00 9.516299110714002835e-03 0.000000000000000000e+00 0.000000000000000000e+00 0.000000000000000000e+00 0.000000000000000000e+00 0.000000000000000000e+00 0.000000000000000000e+00 5.252088344283467429e-03 0.000000000000000000e+00 1.003859948991919424e-02 1.302398870187490218e-02 0.000000000000000000e+00 1.484384378235198768e-02 0.000000000000000000e+00 0.000000000000000000e+00 0.000000000000000000e+00 0.000000000000000000e+00 0.000000000000000000e+00 0.000000000000000000e+00 8.546115221509751475e-03 2.836809844329646682e-02 0.000000000000000000e+00 0.000000000000000000e+00 0.000000000000000000e+00 0.000000000000000000e+00 0.000000000000000000e+00 0.000000000000000000e+00 0.000000000000000000e+00 0.000000000000000000e+00 0.000000000000000000e+00 0.000000000000000000e+00 0.000000000000000000e+00 5.986373703991235661e-03 1.018951304423320811e-02 0.000000000000000000e+00
0.000000000000000000e+00 5.358786279591899043e-03 0.000000000000000000e+00 0.000000000000000000e+00 0.000000000000000000e+00 0.000000000000000000e+00 0.000000000000000000e+00 8.932201219931894254e-02 2.927987238258683914e-02 7.439888865380559282e-03 1.575640554275288194e-02 0.000000000000000000e+00 0.000000000000000000e+00 5.534380443229376147e-03 0.000000000000000000e+00 0.000000000000000000e+00 0.000000000000000000e+00 0.000000000000000000e+00 0.000000000000000000e+00 0.000000000000000000e+00 0.000000000000000000e+00 0.000000000000000000e+00 6.349449180501562547e-03 0.000000000000000000e+00 0.000000000000000000e+00 0.000000000000000000e+00 2.242131255654246091e-01 0.000000000000000000e+00 2.234126390331826403e-02 0.000000000000000000e+00 0.000000000000000000e+00 0.000000000000000000e+00 0.000000000000000000e+00 0.000000000000000000e+00 0.000000000000000000e+00 0.000000000000000000e+00 0.000000000000000000e+00 0.000000000000000000e+00 4.729136861964944316e-02 0.000000000000000000e+00 0.000000000000000000e+00 0.000000000000000000e+00 0.000000000000000000e+00 0.000000000000000000e+00 0.000000000000000000e+00 0.000000000000000000e+00 0.000000000000000000e+00 0.000000000000000000e+00 1.865567458518779809e-02 0.000000000000000000e+00 0.000000000000000000e+00 4.885979415217097527e-02 0.000000000000000000e+00 0.000000000000000000e+00 0.000000000000000000e+00 0.000000000000000000e+00 0.000000000000000000e+00 0.000000000000000000e+00 0.000000000000000000e+00 0.000000000000000000e+00 1.895258619630104530e-02 0.000000000000000000e+00 0.000000000000000000e+00 0.000000000000000000e+00 0.000000000000000000e+00 0.000000000000000000e+00
0.000000000000000000e+00 1.715905897491983856e-01 0.000000000000000000e+00 0.000000000000000000e+00 2.046425918536936284e-01 0.000000000000000000e+00 2.631157541231841090e-01 0.000000000000000000e+00 2.293547648045991469e-02 0.000000000000000000e+00 7.759585778997249786e-03 0.000000000000000000e+00 0.000000000000000000e+00 0.000000000000000000e+00 0.000000000000000000e+00 8.266558247397685910e-03 0.000000000000000000e+00 7.762752423109159187e-03 0.000000000000000000e+00 1.437572323749018027e-02 0.000000000000000000e+00 1.144550087038702195e-02 7.684124104431561998e-03 5.068622344609635157e-03 6.930413303157115582e-03 4.684648482183810247e-01 0.000000000000000000e+00 4.930582128210947435e-02 0.000000000000000000e+00 0.000000000000000000e+00 0.000000000000000000e+00 0.000000000000000000e+00 0.000000000000000000e+00 0.000000000000000000e+00 0.000000000000000000e+00 7.321555942227773658e-03 0.000000000000000000e+00 1.288853940371204598e-01 0.000000000000000000e+00 0.000000000000000000e+00 0.000000000000000000e+00 5.652806756221430765e-03 1.572721550947861133e-02 0.000000000000000000e+00 0.000000000000000000e+00 1.619326039704549469e-01 6.261008263562008180e-02 2.063670691174597852e-02 0.000000000000000000e+00 4.622887353727742066e-02 0.000000000000000000e+00 0.000000000000000000e+00 0.000000000000000000e+00 0.000000000000000000e+00 0.000000000000000000e+00 0.000000000000000000e+00 0.000000000000000000e+00 0.000000000000000000e+00 0.000000000000000000e+00 6.015029693524046733e-02 0.000000000000000000e+00 0.000000000000000000e+00 5.055757428050103308e-03 9.057896154728186169e-03 0.000000000000000000e+00 0.000000000000000000e+00
0.000000000000000000e+00 0.000000000000000000e+00 0.000000000000000000e+00 1.821615655934418626e-02 0.000000000000000000e+00 1.515542627938069181e-02 0.000000000000000000e+00 0.000000000000000000e+00 0.000000000000000000e+00 1.246568942970903288e-01 3.267581959550651116e-01 5.534380443229376147e-03 0.000000000000000000e+00 0.000000000000000000e+00 0.000000000000000000e+00 0.000000000000000000e+00 0.000000000000000000e+00 8.769377979527190337e-03 0.000000000000000000e+00 0.000000000000000000e+00 0.000000000000000000e+00 5.086687159977843799e-03 0.000000000000000000e+00 0.000000000000000000e+00 0.000000000000000000e+00 0.000000000000000000e+00 1.064811945694241375e-02 0.000000000000000000e+00 0.000000000000000000e+00 1.595096281815900144e-02 0.000000000000000000e+00 0.000000000000000000e+00 0.000000000000000000e+00 0.000000000000000000e+00 0.000000000000000000e+00 2.986934086666920979e-02 0.000000000000000000e+00 1.758419544382392591e-02 0.000000000000000000e+00 0.000000000000000000e+00 0.000000000000000000e+00 0.000000000000000000e+00 0.000000000000000000e+00 0.000000000000000000e+00 0.000000000000000000e+00 1.185682528278755865e-02 0.000000000000000000e+00 0.000000000000000000e+00 0.000000000000000000e+00 0.000000000000000000e+00 0.000000000000000000e+00 0.000000000000000000e+00 0.000000000000000000e+00 0.000000000000000000e+00 0.000000000000000000e+00 0.000000000000000000e+00 7.240480062833148066e-03 0.000000000000000000e+00 0.000000000000000000e+00 0.000000000000000000e+00 0.000000000000000000e+00 7.102393323437063838e-03 0.000000000000000000e+00 0.000000000000000000e+00 2.076152846554310885e-02 0.000000000000000000e+00
0.000000000000000000e+00 0.000000000000000000e+00 0.000000000000000000e+00 0.000000000000000000e+00 7.810535236904000284e-03 1.143875095430950221e-02 9.782016744814318876e-03 1.029520425375963534e-02 1.555636799498996969e-01 0.000000000000000000e+00 0.000000000000000000e+00 0.000000000000000000e+00 0.000000000000000000e+00 0.000000000000000000e+00 0.000000000000000000e+00 1.198775445430079641e-02 1.820039609517877521e-02 0.000000000000000000e+00 0.000000000000000000e+00 0.000000000000000000e+00 0.000000000000000000e+00 0.000000000000000000e+00 0.000000000000000000e+00 8.692647296100218524e-03 3.296736051387851724e-02 3.240729808215046803e-02 0.000000000000000000e+00 0.000000000000000000e+00 0.000000000000000000e+00 0.000000000000000000e+00 0.000000000000000000e+00 0.000000000000000000e+00 2.895456622323407461e-02 0.000000000000000000e+00 0.000000000000000000e+00 0.000000000000000000e+00 0.000000000000000000e+00 0.000000000000000000e+00 0.000000000000000000e+00 0.000000000000000000e+00 0.000000000000000000e+00 0.000000000000000000e+00 0.000000000000000000e+00 0.000000000000000000e+00 2.873789281472324264e-01 0.000000000000000000e+00 0.000000000000000000e+00 0.000000000000000000e+00 1.982668068225029029e-02 0.000000000000000000e+00 0.000000000000000000e+00 0.000000000000000000e+00 0.000000000000000000e+00 8.376022284445423793e-02 0.000000000000000000e+00 0.000000000000000000e+00 8.660031332445776095e-03 0.000000000000000000e+00 9.435381410639554975e-03 0.000000000000000000e+00 0.000000000000000000e+00 0.000000000000000000e+00 0.000000000000000000e+00 0.000000000000000000e+00 0.000000000000000000e+00 0.000000000000000000e+00
0.000000000000000000e+00 5.035435521827716365e-02 0.000000000000000000e+00 0.000000000000000000e+00 0.000000000000000000e+00 0.000000000000000000e+00 0.000000000000000000e+00 0.000000000000000000e+00 9.168768651154729499e-02 0.000000000000000000e+00 4.661965246125809870e-02 0.000000000000000000e+00 8.266558247397685910e-03 0.000000000000000000e+00 1.198775445430079641e-02 0.000000000000000000e+00 0.000000000000000000e+00 1.593708227409340941e-02 0.000000000000000000e+00 0.000000000000000000e+00 0.000000000000000000e+00 0.000000000000000000e+00 2.361826968244585268e-01 0.000000000000000000e+00 0.000000000000000000e+00 0.000000000000000000e+00 6.387656725586940594e-03 0.000000000000000000e+00 2.823746076645046801e-02 0.000000000000000000e+00 0.000000000000000000e+00 8.236126470757202181e-03 0.000000000000000000e+00 0.000000000000000000e+00 6.217383800439856695e-03 0.000000000000000000e+00 0.000000000000000000e+00 0.000000000000000000e+00 0.000000000000000000e+00 0.000000000000000000e+00 1.942681062592967536e-02 0.000000000000000000e+00 8.657262614574640081e-03 0.000000000000000000e+00 0.000000000000000000e+00 0.000000000000000000e+00 0.000000000000000000e+00 0.000000000000000000e+00 0.000000000000000000e+00 0.000000000000000000e+00 0.000000000000000000e+00 0.000000000000000000e+00 0.000000000000000000e+00 0.000000000000000000e+00 0.000000000000000000e+00 0.000000000000000000e+00 0.000000000000000000e+00 0.000000000000000000e+00 0.000000000000000000e+00 0.000000000000000000e+00 0.000000000000000000e+00 0.000000000000000000e+00 0.000000000000000000e+00 0.000000000000000000e+00 0.000000000000000000e+00 0.000000000000000000e+00
0.000000000000000000e+00 1.175200715521156243e-02 0.000000000000000000e+00 0.000000000000000000e+00 0.000000000000000000e+00 0.000000000000000000e+00 1.025968687339474106e-01 5.419945218443250612e-02 0.000000000000000000e+00 0.000000000000000000e+00 7.969440620400934649e-02 0.000000000000000000e+00 0.000000000000000000e+00 0.000000000000000000e+00 1.820039609517877521e-02 0.000000000000000000e+00 0.000000000000000000e+00 0.000000000000000000e+00 0.000000000000000000e+00 0.000000000000000000e+00 6.172028207678357560e-03 5.099301864065224066e-02 0.000000000000000000e+00 0.000000000000000000e+00 0.000000000000000000e+00 0.000000000000000000e+00 0.000000000000000000e+00 0.000000000000000000e+00 0.000000000000000000e+00 0.000000000000000000e+00 4.494626506182654302e-02 0.000000000000000000e+00 7.437068387935826495e-03 0.000000000000000000e+00 0.000000000000000000e+00 0.000000000000000000e+00 0.000000000000000000e+00 0.000000000000000000e+00 0.000000000000000000e+00 0.000000000000000000e+00 0.000000000000000000e+00 0.000000000000000000e+00 0.000000000000000000e+00 0.000000000000000000e+00 0.000000000000000000e+00 0.000000000000000000e+00 0.000000000000000000e+00 0.000000000000000000e+00 0.000000000000000000e+00 0.000000000000000000e+00 0.000000000000000000e+00 0.000000000000000000e+00 0.000000000000000000e+00 0.000000000000000000e+00 0.000000000000000000e+00 0.000000000000000000e+00 0.000000000000000000e+00 1.221910214319374931e-02 0.000000000000000000e+00 0.000000000000000000e+00 0.000000000000000000e+00 0.000000000000000000e+00 0.000000000000000000e+00 0.000000000000000000e+00 0.000000000000000000e+00 0.000000000000000000e+00
0.000000000000000000e+00 0.000000000000000000e+00 2.082497430693049795e-02 0.000000000000000000e+00 0.000000000000000000e+00 0.000000000000000000e+00 0.000000000000000000e+00 0.000000000000000000e+00 0.000000000000000000e+00 0.000000000000000000e+00 2.559997681116570403e-02 0.000000000000000000e+00 7.762752423109159187e-03 8.769377979527190337e-03 0.000000000000000000e+00 1.593708227409340941e-02 0.000000000000000000e+00 0.000000000000000000e+00 0.000000000000000000e+00 1.600985889886244740e-01 0.000000000000000000e+00 8.217246806486744673e-03 0.000000000000000000e+00 0.000000000000000000e+00 0.000000000000000000e+00 2.601312847323122499e-02 0.000000000000000000e+00 0.000000000000000000e+00 0.000000000000000000e+00 4.307499623594811949e-02 0.000000000000000000e+00 0.000000000000000000e+00 0.000000000000000000e+00 0.000000000000000000e+00 0.000000000000000000e+00 0.000000000000000000e+00 0.000000000000000000e+00 0.000000000000000000e+00 0.000000000000000000e+00 9.815702494501367739e-03 0.000000000000000000e+00 0.000000000000000000e+00 0.000000000000000000e+00 0.000000000000000000e+00 0.000000000000000000e+00 0.000000000000000000e+00 0.000000000000000000e+00 0.000000000000000000e+00 0.000000000000000000e+00 0.000000000000000000e+00 1.015511262503191181e-01 0.000000000000000000e+00 0.000000000000000000e+00 0.000000000000000000e+00 0.000000000000000000e+00 0.000000000000000000e+00 0.000000000000000000e+00 0.000000000000000000e+00 0.000000000000000000e+00 0.000000000000000000e+00 0.000000000000000000e+00 0.000000000000000000e+00 0.000000000000000000e+00 0.000000000000000000e+00 0.000000000000000000e+00 0.000000000000000000e+00
0.000000000000000000e+00 6.731088006603048492e-03 0.000000000000000000e+00 2.156089472314269215e-02 1.320408865359861718e-02 0.000000000000000000e+00 0.000000000000000000e+00 3.595339750702822856e-01 0.000000000000000000e+00 7.393267039014330202e-03 0.000000000000000000e+00 0.000000000000000000e+00 0.000000000000000000e+00 0.000000000000000000e+00 0.000000000000000000e+00 0.000000000000000000e+00 0.000000000000000000e+00 0.000000000000000000e+00 0.000000000000000000e+00 0.000000000000000000e+00 0.000000000000000000e+00 0.000000000000000000e+00 0.000000000000000000e+00 0.000000000000000000e+00 0.000000000000000000e+00 0.000000000000000000e+00 0.000000000000000000e+00 0.000000000000000000e+00 0.000000000000000000e+00 7.287141262240123298e-03 0.000000000000000000e+00 0.000000000000000000e+00 0.000000000000000000e+00 0.000000000000000000e+00 0.000000000000000000e+00 0.000000000000000000e+00 0.000000000000000000e+00 0.000000000000000000e+00 0.000000000000000000e+00 0.000000000000000000e+00 0.000000000000000000e+00 0.000000000000000000e+00 0.000000000000000000e+00 0.000000000000000000e+00 0.000000000000000000e+00 0.000000000000000000e+00 0.000000000000000000e+00 0.000000000000000000e+00 0.000000000000000000e+00 0.000000000000000000e+00 0.000000000000000000e+00 0.000000000000000000e+00 0.000000000000000000e+00 0.000000000000000000e+00 0.000000000000000000e+00 0.000000000000000000e+00 1.591541769459723851e-02 0.000000000000000000e+00 0.000000000000000000e+00 0.000000000000000000e+00 0.000000000000000000e+00 0.000000000000000000e+00 8.441155316158396871e-03 0.000000000000000000e+00 0.000000000000000000e+00 0.000000000000000000e+00
0.000000000000000000e+00 0.000000000000000000e+00 4.094992022316539249e-01 0.000000000000000000e+00 0.000000000000000000e+00 0.000000000000000000e+00 2.184172005263242400e-01 0.000000000000000000e+00 0.000000000000000000e+00 7.734817837510404512e-03 0.000000000000000000e+00 0.000000000000000000e+00 1.437572323749018027e-02 0.000000000000000000e+00 0.000000000000000000e+00 0.000000000000000000e+00 0.000000000000000000e+00 1.600985889886244740e-01 0.000000000000000000e+00 0.000000000000000000e+00 9.234588379145973469e-03 1.105907311285128126e-02 0.000000000000000000e+00 4.097164880514653912e-02 5.882130873270766634e-03 0.000000000000000000e+00 0.000000000000000000e+00 0.000000000000000000e+00 0.000000000000000000e+00 0.000000000000000000e+00 0.000000000000000000e+00 0.000000000000000000e+00 0.000000000000000000e+00 5.598909192294656764e-03 0.000000000000000000e+00 0.000000000000000000e+00 0.000000000000000000e+00 0.000000000000000000e+00 0.000000000000000000e+00 0.000000000000000000e+00 0.000000000000000000e+00 0.000000000000000000e+00 0.000000000000000000e+00 0.000000000000000000e+00 0.000000000000000000e+00 0.000000000000000000e+00 0.000000000000000000e+00 0.000000000000000000e+00 0.000000000000000000e+00 0.000000000000000000e+00 0.000000000000000000e+00 0.000000000000000000e+00 2.571211033934047707e-01 0.000000000000000000e+00 0.000000000000000000e+00 0.000000000000000000e+00 0.000000000000000000e+00 0.000000000000000000e+00 0.000000000000000000e+00 0.000000000000000000e+00 0.000000000000000000e+00 0.000000000000000000e+00 0.000000000000000000e+00 0.000000000000000000e+00 0.000000000000000000e+00 1.201833991048667158e-02
0.000000000000000000e+00 5.795694058808681555e-03 0.000000000000000000e+00 3.609342203495697482e-02 0.000000000000000000e+00 0.000000000000000000e+00 0.000000000000000000e+00 0.000000000000000000e+00 0.000000000000000000e+00 3.015639994448597941e-02 0.000000000000000000e+00 0.000000000000000000e+00 0.000000000000000000e+00 0.000000000000000000e+00 0.000000000000000000e+00 0.000000000000000000e+00 6.172028207678357560e-03 0.000000000000000000e+00 0.000000000000000000e+00 9.234588379145973469e-03 0.000000000000000000e+00 0.000000000000000000e+00 0.000000000000000000e+00 0.000000000000000000e+00 0.000000000000000000e+00 0.000000000000000000e+00 0.000000000000000000e+00 0.000000000000000000e+00 0.000000000000000000e+00 0.000000000000000000e+00 0.000000000000000000e+00 0.000000000000000000e+00 6.621707089538182711e-02 0.000000000000000000e+00 0.000000000000000000e+00 0.000000000000000000e+00 5.773760481766157526e-03 0.000000000000000000e+00 0.000000000000000000e+00 0.000000000000000000e+00 0.000000000000000000e+00 0.000000000000000000e+00 0.000000000000000000e+00 0.000000000000000000e+00 0.000000000000000000e+00 0.000000000000000000e+00 0.000000000000000000e+00 0.000000000000000000e+00 0.000000000000000000e+00 0.000000000000000000e+00 0.000000000000000000e+00 0.000000000000000000e+00 0.000000000000000000e+00 0.000000000000000000e+00 0.000000000000000000e+00 0.000000000000000000e+00 0.000000000000000000e+00 0.000000000000000000e+00 0.000000000000000000e+00 0.000000000000000000e+00 0.000000000000000000e+00 0.000000000000000000e+00 0.000000000000000000e+00 0.000000000000000000e+00 2.815556090167458184e-02 0.000000000000000000e+00
0.000000000000000000e+00 0.000000000000000000e+00 0.000000000000000000e+00 0.000000000000000000e+00 0.000000000000000000e+00 0.000000000000000000e+00 0.000000000000000000e+00 0.000000000000000000e+00 0.000000000000000000e+00 0.000000000000000000e+00 0.000000000000000000e+00 0.000000000000000000e+00 1.144550087038702195e-02 5.086687159977843799e-03 0.000000000000000000e+00 0.000000000000000000e+00 5.099301864065224066e-02 8.217246806486744673e-03 0.000000000000000000e+00 1.105907311285128126e-02 0.000000000000000000e+00 0.000000000000000000e+00 0.000000000000000000e+00 0.000000000000000000e+00 0.000000000000000000e+00 0.000000000000000000e+00 0.000000000000000000e+00 0.000000000000000000e+00 0.000000000000000000e+00 0.000000000000000000e+00 0.000000000000000000e+00 0.000000000000000000e+00 6.533640262191328825e-03 1.280227715823280266e-01 0.000000000000000000e+00 0.000000000000000000e+00 0.000000000000000000e+00 0.000000000000000000e+00 2.644355229761899753e-02 0.000000000000000000e+00 0.000000000000000000e+00 0.000000000000000000e+00 0.000000000000000000e+00 0.000000000000000000e+00 0.000000000000000000e+00 0.000000000000000000e+00 0.000000000000000000e+00 0.000000000000000000e+00 0.000000000000000000e+00 0.000000000000000000e+00 0.000000000000000000e+00 0.000000000000000000e+00 0.000000000000000000e+00 8.101310952567299800e-03 0.000000000000000000e+00 0.000000000000000000e+00 0.000000000000000000e+00 0.000000000000000000e+00 0.000000000000000000e+00 0.000000000000000000e+00 7.351354527692403884e-02 0.000000000000000000e+00 0.000000000000000000e+00 0.000000000000000000e+00 0.000000000000000000e+00 0.000000000000000000e+00
0.000000000000000000e+00 0.000000000000000000e+00 0.000000000000000000e+00 0.000000000000000000e+00 9.228657284697393617e-03 0.000000000000000000e+00 0.000000000000000000e+00 0.000000000000000000e+00 2.357205921283846844e-02 0.000000000000000000e+00 0.000000000000000000e+00 6.349449180501562547e-03 7.684124104431561998e-03 0.000000000000000000e+00 0.000000000000000000e+00 2.361826968244585268e-01 0.000000000000000000e+00 0.000000000000000000e+00 0.000000000000000000e+00 0.000000000000000000e+00 0.000000000000000000e+00 0.000000000000000000e+00 0.000000000000000000e+00 0.000000000000000000e+00 0.000000000000000000e+00 0.000000000000000000e+00 0.000000000000000000e+00 0.000000000000000000e+00 0.000000000000000000e+00 0.000000000000000000e+00 0.000000000000000000e+00 0.000000000000000000e+00 0.000000000000000000e+00 0.000000000000000000e+00 0.000000000000000000e+00 0.000000000000000000e+00 0.000000000000000000e+00 0.000000000000000000e+00 1.211331250167600564e-02 0.000000000000000000e+00 0.000000000000000000e+00 0.000000000000000000e+00 1.363284821314724449e-01 0.000000000000000000e+00 0.000000000000000000e+00 0.000000000000000000e+00 0.000000000000000000e+00 0.000000000000000000e+00 0.000000000000000000e+00 0.000000000000000000e+00 0.000000000000000000e+00 0.000000000000000000e+00 0.000000000000000000e+00 0.000000000000000000e+00 6.819638346252689109e-03 0.000000000000000000e+00 0.000000000000000000e+00 0.000000000000000000e+00 0.000000000000000000e+00 0.000000000000000000e+00 0.000000000000000000e+00 0.000000000000000000e+00 0.000000000000000000e+00 0.000000000000000000e+00 0.000000000000000000e+00 1.366673390065517926e-02
0.000000000000000000e+00 0.000000000000000000e+00 0.000000000000000000e+00 0.000000000000000000e+00 0.000000000000000000e+00 0.000000000000000000e+00 0.000000000000000000e+00 5.398310900617368790e-02 5.245317089313437063e-03 0.000000000000000000e+00 0.000000000000000000e+00 0.000000000000000000e+00 5.068622344609635157e-03 0.000000000000000000e+00 8.692647296100218524e-03 0.000000000000000000e+00 0.000000000000000000e+00 0.000000000000000000e+00 0.000000000000000000e+00 4.097164880514653912e-02 0.000000000000000000e+00 0.000000000000000000e+00 0.000000000000000000e+00 0.000000000000000000e+00 0.000000000000000000e+00 0.000000000000000000e+00 0.000000000000000000e+00 1.395156867712807683e-02 0.000000000000000000e+00 0.000000000000000000e+00 0.000000000000000000e+00 0.000000000000000000e+00 0.000000000000000000e+00 0.000000000000000000e+00 3.179574747553878811e-02 0.000000000000000000e+00 0.000000000000000000e+00 0.000000000000000000e+00 0.000000000000000000e+00 0.000000000000000000e+00 1.133785905555176159e-02 0.000000000000000000e+00 0.000000000000000000e+00 0.000000000000000000e+00 0.000000000000000000e+00 0.000000000000000000e+00 0.000000000000000000e+00 5.002908544128624457e-03 0.000000000000000000e+00 0.000000000000000000e+00 0.000000000000000000e+00 0.000000000000000000e+00 0.000000000000000000e+00 0.000000000000000000e+00 1.190992287709134560e-02 7.035764737089735509e-03 0.000000000000000000e+00 0.000000000000000000e+00 0.000000000000000000e+00 0.000000000000000000e+00 0.000000000000000000e+00 0.000000000000000000e+00 0.000000000000000000e+00 0.000000000000000000e+00 0.000000000000000000e+00 0.000000000000000000e+00
