0.000000000000000000e+00 0.000000000000000000e+00 0.000000000000000000e+00 0.000000000000000000e+00 0.000000000000000000e+00 0.000000000000000000e+00 0.000000000000000000e+00 0.000000000000000000e+00 0.000000000000000000e+00 0.000000000000000000e+00 5.512398519067947429e-03 5.896813068643856973e-03 2.499572268123552779e-02 7.146418405805037011e-02 8.208795026954082696e-02 6.304526947377940560e-02 1.413600289467563387e-02 7.434936309795063362e-03 2.265108121431509344e-02 2.295079514783895103e-01 0.000000000000000000e+00 9.765634613333840780e-03 6.925218668448785385e-03 3.979656739984873126e-01 5.025880504109614400e-02 9.287699374669559221e-03 3.327875839806102021e-02 0.000000000000000000e+00 0.000000000000000000e+00 0.000000000000000000e+00 0.000000000000000000e+00 0.000000000000000000e+00 1.647741751563895282e-02 0.000000000000000000e+00 0.000000000000000000e+00 0.000000000000000000e+00 0.000000000000000000e+00 0.000000000000000000e+00 0.000000000000000000e+00 0.000000000000000000e+00 0.000000000000000000e+00 0.000000000000000000e+00 5.460415720168357995e-02 0.000000000000000000e+00 0.000000000000000000e+00 0.000000000000000000e+00 0.000000000000000000e+00 0.000000000000000000e+00 0.000000000000000000e+00 0.000000000000000000e+00 4.630520579832248657e-02 0.000000000000000000e+00 0.000000000000000000e+00 5.172337908310197831e-03 0.000000000000000000e+00 8.927070634736057608e-03 0.000000000000000000e+00 0.000000000000000000e+00 7.197746943897232602e-03 0.000000000000000000e+00 0.000000000000000000e+00 0.000000000000000000e+00 0.000000000000000000e+00 0.000000000000000000e+00 0.000000000000000000e+00 0.000000000000000000e+00
0.000000000000000000e+00 0.000000000000000000e+00 0.000000000000000000e+00 0.000000000000000000e+00 0.000000000000000000e+00 0.000000000000000000e+00 0.000000000000000000e+00 0.000000000000000000e+00 0.000000000000000000e+00 0.000000000000000000e+00 2.611093116382747978e-02 0.000000000000000000e+00 4.157549889165245705e-01 0.000000000000000000e+00 0.000000000000000000e+00 5.383082367249188843e-02 0.000000000000000000e+00 0.000000000000000000e+00 0.000000000000000000e+00 0.000000000000000000e+00 0.000000000000000000e+00 0.000000000000000000e+00 0.000000000000000000e+00 0.000000000000000000e+00 0.000000000000000000e+00 0.000000000000000000e+00 0.000000000000000000e+00 0.000000000000000000e+00 0.000000000000000000e+00 0.000000000000000000e+00 0.000000000000000000e+00 0.000000000000000000e+00 0.000000000000000000e+00 0.000000000000000000e+00 0.000000000000000000e+00 0.000000000000000000e+00 0.000000000000000000e+00 0.000000000000000000e+00 8.574107483863589035e-03 0.000000000000000000e+00 0.000000000000000000e+00 0.000000000000000000e+00 0.000000000000000000e+00 0.000000000000000000e+00 0.000000000000000000e+00 0.000000000000000000e+00 0.000000000000000000e+00 0.000000000000000000e+00 0.000000000000000000e+00 0.000000000000000000e+00 0.000000000000000000e+00 0.000000000000000000e+00 0.000000000000000000e+00 0.000000000000000000e+00 0.000000000000000000e+00 0.000000000000000000e+00 0.000000000000000000e+00 0.000000000000000000e+00 0.000000000000000000e+00 0.000000000000000000e+00 0.000000000000000000e+00 0.000000000000000000e+00 0.000000000000000000e+00 0.000000000000000000e+00 0.000000000000000000e+00 0.000000000000000000e+00
0.000000000000000000e+00 0.000000000000000000e+00 0.000000000000000000e+00 0.000000000000000000e+00 0.000000000000000000e+00 0.000000000000000000e+00 0.000000000000000000e+00 0.000000000000000000e+00 0.000000000000000000e+00 0.000000000000000000e+00 1.241241830963125958e-02 2.183492523399997026e-02 5.823701129432718587e-02 0.000000000000000000e+00 2.217287534838500648e-02 8.813550951280483062e-03 5.431041002135365836e-02 0.000000000000000000e+00 0.000000000000000000e+00 0.000000000000000000e+00 0.000000000000000000e+00 0.000000000000000000e+00 7.486246424747593220e-03 0.000000000000000000e+00 0.000000000000000000e+00 1.930261989018239310e-01 0.000000000000000000e+00 5.904601516485930186e-03 8.865083592546762689e-03 0.000000000000000000e+00 7.450569251753400013e-03 0.000000000000000000e+00 1.034000183820207169e-02 0.000000000000000000e+00 1.313359911008230366e-02 1.986182616579448834e-01 0.000000000000000000e+00 0.000000000000000000e+00 0.000000000000000000e+00 1.930546522692918043e-01 0.000000000000000000e+00 1.155339493095593542e-02 0.000000000000000000e+00 0.000000000000000000e+00 0.000000000000000000e+00 0.000000000000000000e+00 0.000000000000000000e+00 0.000000000000000000e+00 0.000000000000000000e+00 0.000000000000000000e+00 0.000000000000000000e+00 1.592070790476914355e-01 0.000000000000000000e+00 0.000000000000000000e+00 0.000000000000000000e+00 0.000000000000000000e+00 0.000000000000000000e+00 0.000000000000000000e+00 0.000000000000000000e+00 0.000000000000000000e+00 5.547844301926310034e-03 0.000000000000000000e+00 1.331788562353671164e-02 0.000000000000000000e+00 0.000000000000000000e+00 0.000000000000000000e+00
0.000000000000000000e+00 0.000000000000000000e+00 0.000000000000000000e+00 0.000000000000000000e+00 0.000000000000000000e+00 0.000000000000000000e+00 0.000000000000000000e+00 0.000000000000000000e+00 0.000000000000000000e+00 0.000000000000000000e+00 4.534410932910525743e-02 2.743052827105622871e-02 0.000000000000000000e+00 1.266487878458655292e-02 1.083864318048438635e-02 0.000000000000000000e+00 0.000000000000000000e+00 6.839992678214244781e-03 0.000000000000000000e+00 3.274645362752741651e-01 9.558564364549850673e-03 0.000000000000000000e+00 0.000000000000000000e+00 0.000000000000000000e+00 0.000000000000000000e+00 0.000000000000000000e+00 3.489559084524557903e-02 0.000000000000000000e+00 4.690016248997477127e-02 0.000000000000000000e+00 0.000000000000000000e+00 0.000000000000000000e+00 0.000000000000000000e+00 0.000000000000000000e+00 4.514008636016231951e-02 4.515462806875079199e-02 0.000000000000000000e+00 0.000000000000000000e+00 8.943547563151580532e-03 0.000000000000000000e+00 0.000000000000000000e+00 0.000000000000000000e+00 0.000000000000000000e+00 0.000000000000000000e+00 0.000000000000000000e+00 0.000000000000000000e+00 0.000000000000000000e+00 0.000000000000000000e+00 0.000000000000000000e+00 1.151156691893586229e-02 0.000000000000000000e+00 0.000000000000000000e+00 0.000000000000000000e+00 0.000000000000000000e+00 0.000000000000000000e+00 0.000000000000000000e+00 0.000000000000000000e+00 1.490904551589959659e-02 0.000000000000000000e+00 0.000000000000000000e+00 0.000000000000000000e+00 5.904554396078498350e-03 0.000000000000000000e+00 0.000000000000000000e+00 6.135823488067182474e-02 0.000000000000000000e+00
0.000000000000000000e+00 0.000000000000000000e+00 0.000000000000000000e+00 0.000000000000000000e+00 0.000000000000000000e+00 0.000000000000000000e+00 0.000000000000000000e+00 0.000000000000000000e+00 0.000000000000000000e+00 0.000000000000000000e+00 1.625554749596835880e-02 5.670108962762875765e-02 3.593688077297534783e-02 0.000000000000000000e+00 0.000000000000000000e+00 0.000000000000000000e+00 8.216741830810499886e-03 0.000000000000000000e+00 0.000000000000000000e+00 0.000000000000000000e+00 0.000000000000000000e+00 0.000000000000000000e+00 0.000000000000000000e+00 0.000000000000000000e+00 0.000000000000000000e+00 0.000000000000000000e+00 0.000000000000000000e+00 0.000000000000000000e+00 1.514796240256163946e-02 0.000000000000000000e+00 0.000000000000000000e+00 0.000000000000000000e+00 0.000000000000000000e+00 0.000000000000000000e+00 0.000000000000000000e+00 0.000000000000000000e+00 7.715263277407731490e-02 0.000000000000000000e+00 0.000000000000000000e+00 0.000000000000000000e+00 0.000000000000000000e+00 1.104517178783950837e-02 0.000000000000000000e+00 0.000000000000000000e+00 0.000000000000000000e+00 2.125296803137684265e-02 0.000000000000000000e+00 0.000000000000000000e+00 0.000000000000000000e+00 0.000000000000000000e+00 6.239755342084212127e-03 0.000000000000000000e+00 0.000000000000000000e+00 0.000000000000000000e+00 0.000000000000000000e+00 0.000000000000000000e+00 0.000000000000000000e+00 0.000000000000000000e+00 0.000000000000000000e+00 0.000000000000000000e+00 0.000000000000000000e+00 0.000000000000000000e+00 0.000000000000000000e+00 0.000000000000000000e+00 9.497248137403846782e-03 0.000000000000000000e+00
0.000000000000000000e+00 0.000000000000000000e+00 0.000000000000000000e+00 0.000000000000000000e+00 0.000000000000000000e+00 0.000000000000000000e+00 0.000000000000000000e+00 0.000000000000000000e+00 0.000000000000000000e+00 0.000000000000000000e+00 3.439273327944940978e-02 9.064873492120600895e-02 5.577873525334530770e-03 7.516055820633802884e-03 1.383714473823540458e-01 1.198672167110560391e-02 0.000000000000000000e+00 6.082252307525371285e-03 7.256682841972860766e-03 3.900674356042971302e-01 0.000000000000000000e+00 0.000000000000000000e+00 0.000000000000000000e+00 0.000000000000000000e+00 0.000000000000000000e+00 0.000000000000000000e+00 2.887975950503044245e-02 0.000000000000000000e+00 0.000000000000000000e+00 2.034488344640959789e-02 0.000000000000000000e+00 0.000000000000000000e+00 1.553542397352675464e-01 0.000000000000000000e+00 6.869464163763307207e-03 0.000000000000000000e+00 0.000000000000000000e+00 0.000000000000000000e+00 0.000000000000000000e+00 0.000000000000000000e+00 0.000000000000000000e+00 0.000000000000000000e+00 0.000000000000000000e+00 0.000000000000000000e+00 0.000000000000000000e+00 0.000000000000000000e+00 0.000000000000000000e+00 0.000000000000000000e+00 0.000000000000000000e+00 0.000000000000000000e+00 0.000000000000000000e+00 2.771269443338817209e-02 0.000000000000000000e+00 0.000000000000000000e+00 0.000000000000000000e+00 0.000000000000000000e+00 0.000000000000000000e+00 1.268429223375535687e-02 0.000000000000000000e+00 0.000000000000000000e+00 0.000000000000000000e+00 0.000000000000000000e+00 0.000000000000000000e+00 0.000000000000000000e+00 0.000000000000000000e+00 0.000000000000000000e+00
0.000000000000000000e+00 0.000000000000000000e+00 0.000000000000000000e+00 0.000000000000000000e+00 0.000000000000000000e+00 0.000000000000000000e+00 0.000000000000000000e+00 0.000000000000000000e+00 0.000000000000000000e+00 0.000000000000000000e+00 2.419466922204198400e-01 7.758568233901843615e-03 2.619820148343362035e-02 2.178069202738353721e-02 9.545119729287003529e-03 7.365916652206934423e-03 0.000000000000000000e+00 2.704152931300891557e-02 0.000000000000000000e+00 1.476331061176833215e-02 5.235321486227424888e-03 9.132999561925304183e-03 0.000000000000000000e+00 0.000000000000000000e+00 3.998624229684132059e-02 0.000000000000000000e+00 0.000000000000000000e+00 0.000000000000000000e+00 0.000000000000000000e+00 0.000000000000000000e+00 0.000000000000000000e+00 0.000000000000000000e+00 2.019837291799312859e-02 0.000000000000000000e+00 0.000000000000000000e+00 0.000000000000000000e+00 0.000000000000000000e+00 6.488145223963640018e-02 0.000000000000000000e+00 0.000000000000000000e+00 0.000000000000000000e+00 0.000000000000000000e+00 0.000000000000000000e+00 0.000000000000000000e+00 2.019734888055462960e-02 0.000000000000000000e+00 0.000000000000000000e+00 0.000000000000000000e+00 3.790413686259812287e-02 0.000000000000000000e+00 0.000000000000000000e+00 0.000000000000000000e+00 0.000000000000000000e+00 9.369613331315307381e-03 0.000000000000000000e+00 0.000000000000000000e+00 0.000000000000000000e+00 0.000000000000000000e+00 1.077199135773337230e-01 0.000000000000000000e+00 0.000000000000000000e+00 8.638749493399709364e-03 0.000000000000000000e+00 0.000000000000000000e+00 0.000000000000000000e+00 0.000000000000000000e+00
0.000000000000000000e+00 0.000000000000000000e+00 0.000000000000000000e+00 0.000000000000000000e+00 0.000000000000000000e+00 0.000000000000000000e+00 0.000000000000000000e+00 0.000000000000000000e+00 0.000000000000000000e+00 0.000000000000000000e+00 5.995734620059231350e-03 1.095285371379443040e-01 8.192858240866171537e-03 5.780289421800773215e-03 2.962118712596651521e-02 0.000000000000000000e+00 1.097581212004707443e-02 0.000000000000000000e+00 0.000000000000000000e+00 0.000000000000000000e+00 0.000000000000000000e+00 0.000000000000000000e+00 0.000000000000000000e+00 0.000000000000000000e+00 0.000000000000000000e+00 2.088005855134536515e-02 1.052307566869440519e-02 0.000000000000000000e+00 0.000000000000000000e+00 0.000000000000000000e+00 5.373063992975639185e-03 8.033426583670209148e-03 0.000000000000000000e+00 4.426973024089043973e-02 7.191105221618671051e-02 7.248372117578294645e-03 0.000000000000000000e+00 6.692475575938332255e-02 5.746936422979986338e-03 0.000000000000000000e+00 0.000000000000000000e+00 0.000000000000000000e+00 0.000000000000000000e+00 0.000000000000000000e+00 0.000000000000000000e+00 0.000000000000000000e+00 8.074625146047986410e-03 8.501024990184463323e-03 0.000000000000000000e+00 0.000000000000000000e+00 5.694849976685682942e-03 0.000000000000000000e+00 0.000000000000000000e+00 0.000000000000000000e+00 5.977203163157731626e-03 0.000000000000000000e+00 0.000000000000000000e+00 0.000000000000000000e+00 0.000000000000000000e+00 0.000000000000000000e+00 0.000000000000000000e+00 0.000000000000000000e+00 0.000000000000000000e+00 0.000000000000000000e+00 0.000000000000000000e+00 0.000000000000000000e+00
0.000000000000000000e+00 0.000000000000000000e+00 0.000000000000000000e+00 0.000000000000000000e+00 0.000000000000000000e+00 0.000000000000000000e+00 0.000000000000000000e+00 0.000000000000000000e+00 0.000000000000000000e+00 0.000000000000000000e+00 3.745143293380568950e-01 5.345123679928710098e-02 7.631401628614213097e-03 3.552771412178438171e-01 0.000000000000000000e+00 0.000000000000000000e+00 6.563943303038364402e-03 5.033113631322720313e-03 4.216213421266319372e-01 1.773114529868275932e-02 1.766923945588736236e-02 2.380745928224997365e-01 1.177018489367073241e-02 0.000000000000000000e+00 0.000000000000000000e+00 8.951150440549808171e-03 0.000000000000000000e+00 1.648680814960412355e-01 2.815896016593552043e-01 8.070734521716815130e-03 5.418908718607648271e-03 0.000000000000000000e+00 0.000000000000000000e+00 6.255604917307013881e-03 0.000000000000000000e+00 0.000000000000000000e+00 0.000000000000000000e+00 5.512762766915433460e-02 0.000000000000000000e+00 8.242435520510309546e-03 0.000000000000000000e+00 5.390689777653895343e-02 0.000000000000000000e+00 0.000000000000000000e+00 0.000000000000000000e+00 0.000000000000000000e+00 0.000000000000000000e+00 0.000000000000000000e+00 2.939448780075704787e-02 2.343706555044006504e-02 0.000000000000000000e+00 2.175936955636361900e-02 0.000000000000000000e+00 0.000000000000000000e+00 0.000000000000000000e+00 0.000000000000000000e+00 0.000000000000000000e+00 0.000000000000000000e+00 0.000000000000000000e+00 0.000000000000000000e+00 0.000000000000000000e+00 0.000000000000000000e+00 0.000000000000000000e+00 0.000000000000000000e+00 0.000000000000000000e+00 5.626304904078684860e-02
0.000000000000000000e+00 0.000000000000000000e+00 0.000000000000000000e+00 0.000000000000000000e+00 0.000000000000000000e+00 0.000000000000000000e+00 0.000000000000000000e+00 0.000000000000000000e+00 0.000000000000000000e+00 0.000000000000000000e+00 5.039810869699968415e-02 1.262113738700936655e-02 0.000000000000000000e+00 1.183009627082011045e-01 2.307920359165947094e-02 2.133050780394589799e-02 0.000000000000000000e+00 0.000000000000000000e+00 1.282452475104217393e-01 0.000000000000000000e+00 0.000000000000000000e+00 2.006985828462657870e-02 0.000000000000000000e+00 0.000000000000000000e+00 0.000000000000000000e+00 7.623617114119600122e-03 8.321087238128096683e-03 0.000000000000000000e+00 0.000000000000000000e+00 0.000000000000000000e+00 0.000000000000000000e+00 0.000000000000000000e+00 0.000000000000000000e+00 5.337184575768879648e-03 0.000000000000000000e+00 0.000000000000000000e+00 0.000000000000000000e+00 0.000000000000000000e+00 9.454411382623102711e-03 0.000000000000000000e+00 0.000000000000000000e+00 5.041289113373107790e-03 0.000000000000000000e+00 0.000000000000000000e+00 1.379415445725692448e-02 0.000000000000000000e+00 1.507269162567440313e-01 0.000000000000000000e+00 0.000000000000000000e+00 3.792734101286519832e-02 0.000000000000000000e+00 1.628577143782448250e-02 8.503531403465628899e-03 0.000000000000000000e+00 0.000000000000000000e+00 0.000000000000000000e+00 0.000000000000000000e+00 7.371792655590694854e-02 5.579539287882448462e-03 0.000000000000000000e+00 0.000000000000000000e+00 0.000000000000000000e+00 0.000000000000000000e+00 0.000000000000000000e+00 0.000000000000000000e+00 0.000000000000000000e+00
5.512398519067947429e-03 2.611093116382747978e-02 1.241241830963125958e-02 4.534410932910525743e-02 1.625554749596835880e-02 3.439273327944940978e-02 2.419466922204198400e-01 5.995734620059231350e-03 3.745143293380568950e-01 5.039810869699968415e-02 0.000000000000000000e+00 6.919136759256107848e-03 1.879358187823910453e-01 7.560636533418312911e-03 0.000000000000000000e+00 9.045658349213463525e-03 5.083767032146251086e-02 0.000000000000000000e+00 5.882347101531512808e-03 1.448008372235036305e-02 1.002086840140949987e-02 1.642358775416895289e-02 1.962332837198097202e-01 7.411125224179433008e-03 1.072198539454934617e-02 0.000000000000000000e+00 8.019794989814166622e-03 5.337921804737639185e-03 6.463047088163486470e-03 5.613665521386619096e-03 3.544615531067667191e-02 0.000000000000000000e+00 0.000000000000000000e+00 5.201687877918175634e-03 9.131575896487687319e-03 5.360246228260845056e-03 2.179881304434344927e-02 0.000000000000000000e+00 2.479247433370223089e-02 4.393187905987842173e-02 0.000000000000000000e+00 4.250909070196465939e-02 2.236336086987064653e-02 0.000000000000000000e+00 0.000000000000000000e+00 4.470057770452805918e-02 1.566097514276340585e-02 0.000000000000000000e+00 0.000000000000000000e+00 0.000000000000000000e+00 1.016904996177296974e-02 0.000000000000000000e+00 0.000000000000000000e+00 0.000000000000000000e+00 0.000000000000000000e+00 7.520276916647339327e-02 0.000000000000000000e+00 0.000000000000000000e+00 0.000000000000000000e+00 1.337636990270645379e-02 0.000000000000000000e+00 6.282788478474449385e-03 2.123338625308042460e-02 0.000000000000000000e+00 5.910945398752089422e-03 0.000000000000000000e+00
5.896813068643856973e-03 0.000000000000000000e+00 2.183492523399997026e-02 2.743052827105622871e-02 5.670108962762875765e-02 9.064873492120600895e-02 7.758568233901843615e-03 1.095285371379443040e-01 5.345123679928710098e-02 1.262113738700936655e-02 6.919136759256107848e-03 0.000000000000000000e+00 4.638026910805815445e-02 2.739935878156634502e-02 6.897342320040592868e-03 9.451895267884394269e-02 0.000000000000000000e+00 5.375945455018820394e-03 5.960687096622260817e-02 6.436970880084548485e-02 1.694501728819863134e-02 6.508113338819817087e-03 1.851285822840519416e-02 6.682645024323476471e-03 4.340377559328198465e-01 0.000000000000000000e+00 8.147758250555079892e-03 0.000000000000000000e+00 2.363557121921280521e-02 0.000000000000000000e+00 0.000000000000000000e+00 4.284424769360399565e-02 9.386269137128222528e-02 0.000000000000000000e+00 0.000000000000000000e+00 6.481795633598914919e-03 0.000000000000000000e+00 2.852895486666181743e-02 0.000000000000000000e+00 0.000000000000000000e+00 3.067191502693044081e-01 0.000000000000000000e+00 0.000000000000000000e+00 3.691210046167053144e-02 0.000000000000000000e+00 0.000000000000000000e+00 9.927509300128832537e-03 1.143827195201021704e-02 1.902612289753588537e-02 4.513282861493247283e-02 8.730062552149028127e-03 6.111934489494133017e-03 1.679008398134363908e-02 0.000000000000000000e+00 1.755495179389012297e-02 0.000000000000000000e+00 0.000000000000000000e+00 0.000000000000000000e+00 2.801893026301045114e-02 5.572788183984686387e-03 0.000000000000000000e+00 0.000000000000000000e+00 0.000000000000000000e+00 0.000000000000000000e+00 1.336099366148595265e-02 2.698630653166520302e-02
2.499572268123552779e-02 4.157549889165245705e-01 5.823701129432718587e-02 0.000000000000000000e+00 3.593688077297534783e-02 5.577873525334530770e-03 2.619820148343362035e-02 8.192858240866171537e-03 7.631401628614213097e-03 0.000000000000000000e+00 1.879358187823910453e-01 4.638026910805815445e-02 0.000000000000000000e+00 6.521713044429913904e-03 1.451801651458302540e-02 1.347685842439511929e-02 1.942425107440678284e-02 5.236873709660305742e-03 0.000000000000000000e+00 6.969488527225838753e-03 2.903656563275315919e-02 0.000000000000000000e+00 0.000000000000000000e+00 1.734831496746488261e-02 1.117109993565399972e-01 1.061600526490381891e-02 0.000000000000000000e+00 7.344707154013780694e-03 0.000000000000000000e+00 5.382977998230649430e-02 0.000000000000000000e+00 0.000000000000000000e+00 2.471934132779754489e-02 1.052945290633104311e-02 6.312936989610089256e-02 0.000000000000000000e+00 1.336331828249066322e-01 0.000000000000000000e+00 6.310100882282896825e-03 2.308675027257362303e-02 0.000000000000000000e+00 0.000000000000000000e+00 4.960997096507582804e-02 0.000000000000000000e+00 0.000000000000000000e+00 2.663763131530964834e-02 0.000000000000000000e+00 0.000000000000000000e+00 1.084818168963562306e-02 0.000000000000000000e+00 0.000000000000000000e+00 0.000000000000000000e+00 0.000000000000000000e+00 0.000000000000000000e+00 0.000000000000000000e+00 0.000000000000000000e+00 6.139145593139373053e-03 0.000000000000000000e+00 0.000000000000000000e+00 0.000000000000000000e+00 0.000000000000000000e+00 0.000000000000000000e+00 0.000000000000000000e+00 2.170328430304968928e-02 0.000000000000000000e+00 0.000000000000000000e+00
7.146418405805037011e-02 0.000000000000000000e+00 0.000000000000000000e+00 1.266487878458655292e-02 0.000000000000000000e+00 7.516055820633802884e-03 2.178069202738353721e-02 5.780289421800773215e-03 3.552771412178438171e-01 1.183009627082011045e-01 7.560636533418312911e-03 2.739935878156634502e-02 6.521713044429913904e-03 0.000000000000000000e+00 9.618473293220493672e-03 1.346608601631642081e-02 2.717183766489002575e-02 2.362027903749239557e-02 3.324369459957936535e-01 0.000000000000000000e+00 7.082370721793040426e-03 0.000000000000000000e+00 8.358652655266918252e-03 3.277245083863185304e-02 7.877159358746948711e-03 0.000000000000000000e+00 0.000000000000000000e+00 5.955065133785839016e-03 5.342529599199171558e-02 0.000000000000000000e+00 0.000000000000000000e+00 0.000000000000000000e+00 0.000000000000000000e+00 7.550888348989268431e-03 0.000000000000000000e+00 0.000000000000000000e+00 0.000000000000000000e+00 0.000000000000000000e+00 0.000000000000000000e+00 6.205235140963505369e-02 0.000000000000000000e+00 1.338272776178063735e-02 7.394652026074147178e-02 0.000000000000000000e+00 6.429957293620180980e-02 1.583380821779796846e-02 0.000000000000000000e+00 0.000000000000000000e+00 0.000000000000000000e+00 0.000000000000000000e+00 0.000000000000000000e+00 0.000000000000000000e+00 0.000000000000000000e+00 0.000000000000000000e+00 2.466526246370200071e-02 0.000000000000000000e+00 0.000000000000000000e+00 0.000000000000000000e+00 0.000000000000000000e+00 0.000000000000000000e+00 0.000000000000000000e+00 0.000000000000000000e+00 7.859806233656210783e-02 0.000000000000000000e+00 0.000000000000000000e+00 0.000000000000000000e+00
8.208795026954082696e-02 0.000000000000000000e+00 2.217287534838500648e-02 1.083864318048438635e-02 0.000000000000000000e+00 1.383714473823540458e-01 9.545119729287003529e-03 2.962118712596651521e-02 0.000000000000000000e+00 2.307920359165947094e-02 0.000000000000000000e+00 6.897342320040592868e-03 1.451801651458302540e-02 9.618473293220493672e-03 0.000000000000000000e+00 0.000000000000000000e+00 7.538718403213541530e-02 0.000000000000000000e+00 3.533316389307993022e-02 0.000000000000000000e+00 8.251879368725399330e-03 0.000000000000000000e+00 1.704712652159565134e-02 0.000000000000000000e+00 7.741215062345953996e-03 0.000000000000000000e+00 1.562928422701474057e-02 7.100966447288064448e-03 0.000000000000000000e+00 6.625008350786693034e-03 1.760548223266922285e-01 6.919002028112501528e-03 0.000000000000000000e+00 0.000000000000000000e+00 0.000000000000000000e+00 0.000000000000000000e+00 1.282793470787224263e-02 6.681955432388089755e-02 0.000000000000000000e+00 0.000000000000000000e+00 0.000000000000000000e+00 0.000000000000000000e+00 0.000000000000000000e+00 1.372877134240471295e-02 0.000000000000000000e+00 0.000000000000000000e+00 0.000000000000000000e+00 0.000000000000000000e+00 0.000000000000000000e+00 4.710276466050097172e-02 1.297957938384032561e-02 0.000000000000000000e+00 0.000000000000000000e+00 9.783689543602233640e-02 0.000000000000000000e+00 0.000000000000000000e+00 0.000000000000000000e+00 0.000000000000000000e+00 0.000000000000000000e+00 0.000000000000000000e+00 0.000000000000000000e+00 0.000000000000000000e+00 0.000000000000000000e+00 0.000000000000000000e+00 0.000000000000000000e+00 0.000000000000000000e+00
6.304526947377940560e-02 5.383082367249188843e-02 8.813550951280483062e-03 0.000000000000000000e+00 0.000000000000000000e+00 1.198672167110560391e-02 7.365916652206934423e-03 0.000000000000000000e+00 0.000000000000000000e+00 2.133050780394589799e-02 9.045658349213463525e-03 9.451895267884394269e-02 1.347685842439511929e-02 1.346608601631642081e-02 0.000000000000000000e+00 0.000000000000000000e+00 7.467737863604955242e-03 6.450427666908595085e-03 1.735596159166898425e-02 9.597160898443037394e-03 8.179259705623274923e-02 1.138241787878011141e-01 5.972743904007309958e-03 0.000000000000000000e+00 2.298260512111257314e-01 0.000000000000000000e+00 8.255101679248651181e-03 0.000000000000000000e+00 5.472609918605333100e-03 0.000000000000000000e+00 8.079135929725016207e-02 0.000000000000000000e+00 0.000000000000000000e+00 0.000000000000000000e+00 3.071081905565226089e-01 0.000000000000000000e+00 1.235416766255049981e-02 0.000000000000000000e+00 0.000000000000000000e+00 0.000000000000000000e+00 6.624807023413577245e-02 0.000000000000000000e+00 0.000000000000000000e+00 0.000000000000000000e+00 0.000000000000000000e+00 0.000000000000000000e+00 2.144977539548747342e-02 4.035391004750273070e-02 0.000000000000000000e+00 0.000000000000000000e+00 7.299550311485802911e-02 0.000000000000000000e+00 0.000000000000000000e+00 0.000000000000000000e+00 0.000000000000000000e+00 0.000000000000000000e+00 0.000000000000000000e+00 5.547515811235617135e-03 0.000000000000000000e+00 1.264189468052172999e-02 0.000000000000000000e+00 2.354271706950189502e-01 0.000000000000000000e+00 0.000000000000000000e+00 0.000000000000000000e+00 2.503401635142396553e-02
1.413600289467563387e-02 0.000000000000000000e+00 5.431041002135365836e-02 0.000000000000000000e+00 8.216741830810499886e-03 0.000000000000000000e+00 0.000000000000000000e+00 1.097581212004707443e-02 6.563943303038364402e-03 0.000000000000000000e+00 5.083767032146251086e-02 0.000000000000000000e+00 1.942425107440678284e-02 2.717183766489002575e-02 7.538718403213541530e-02 7.467737863604955242e-03 0.000000000000000000e+00 5.511750180510418401e-03 5.953702797586612160e-03 2.221558573152263710e-02 0.000000000000000000e+00 2.678859945512326521e-02 0.000000000000000000e+00 9.879092124769406347e-02 1.588539697202064754e-02 1.377134636707723001e-02 3.728470538423653280e-01 6.479135573365040791e-03 0.000000000000000000e+00 1.175847160215103861e-02 3.219193954103233973e-02 0.000000000000000000e+00 2.174666323126301509e-02 0.000000000000000000e+00 0.000000000000000000e+00 0.000000000000000000e+00 0.000000000000000000e+00 0.000000000000000000e+00 4.921879286030601125e-02 6.640460993658499345e-02 5.370233870810257881e-02 4.255097513026653844e-01 0.000000000000000000e+00 1.071359543667321258e-02 8.102813000516377248e-03 5.063619709654791634e-03 0.000000000000000000e+00 0.000000000000000000e+00 2.381131242517948304e-02 0.000000000000000000e+00 6.439785153666561200e-03 0.000000000000000000e+00 0.000000000000000000e+00 0.000000000000000000e+00 0.000000000000000000e+00 6.787870947830892433e-03 0.000000000000000000e+00 0.000000000000000000e+00 1.128302419013256508e-01 0.000000000000000000e+00 0.000000000000000000e+00 0.000000000000000000e+00 0.000000000000000000e+00 1.326908211802926563e-01 0.000000000000000000e+00 0.000000000000000000e+00
7.434936309795063362e-03 0.000000000000000000e+00 0.000000000000000000e+00 6.839992678214244781e-03 0.000000000000000000e+00 6.082252307525371285e-03 2.704152931300891557e-02 0.000000000000000000e+00 5.033113631322720313e-03 0.000000000000000000e+00 0.000000000000000000e+00 5.375945455018820394e-03 5.236873709660305742e-03 2.362027903749239557e-02 0.000000000000000000e+00 6.450427666908595085e-03 5.511750180510418401e-03 0.000000000000000000e+00 0.000000000000000000e+00 0.000000000000000000e+00 4.979540868488890881e-01 0.000000000000000000e+00 0.000000000000000000e+00 1.616470824742648749e-01 0.000000000000000000e+00 0.000000000000000000e+00 0.000000000000000000e+00 0.000000000000000000e+00 0.000000000000000000e+00 0.000000000000000000e+00 8.084725652872354340e-03 0.000000000000000000e+00 0.000000000000000000e+00 2.012842876893215088e-02 0.000000000000000000e+00 0.000000000000000000e+00 0.000000000000000000e+00 0.000000000000000000e+00 1.911914566544063721e-02 1.206582284386867668e-02 6.912954590483139615e-03 0.000000000000000000e+00 0.000000000000000000e+00 1.058956696756295328e-02 0.000000000000000000e+00 0.000000000000000000e+00 0.000000000000000000e+00 7.322196544976173997e-03 1.846306605577057447e-01 0.000000000000000000e+00 0.000000000000000000e+00 0.000000000000000000e+00 0.000000000000000000e+00 0.000000000000000000e+00 0.000000000000000000e+00 0.000000000000000000e+00 0.000000000000000000e+00 1.460063860596491972e-02 9.195733996771536176e-03 0.000000000000000000e+00 9.641744897910323187e-02 9.789197610646246592e-03 6.059711018310202056e-03 0.000000000000000000e+00 0.000000000000000000e+00 0.000000000000000000e+00
2.265108121431509344e-02 0.000000000000000000e+00 0.000000000000000000e+00 0.000000000000000000e+00 0.000000000000000000e+00 7.256682841972860766e-03 0.000000000000000000e+00 0.000000000000000000e+00 4.216213421266319372e-01 1.282452475104217393e-01 5.882347101531512808e-03 5.960687096622260817e-02 0.000000000000000000e+00 3.324369459957936535e-01 3.533316389307993022e-02 1.735596159166898425e-02 5.953702797586612160e-03 0.000000000000000000e+00 0.000000000000000000e+00 0.000000000000000000e+00 0.000000000000000000e+00 8.525667493297790431e-03 0.000000000000000000e+00 0.000000000000000000e+00 0.000000000000000000e+00 6.526424145095465444e-03 0.000000000000000000e+00 2.401625376211958748e-02 0.000000000000000000e+00 8.429064086336765863e-03 0.000000000000000000e+00 2.344098636225620466e-02 6.796219110825763021e-02 2.718338689853559004e-02 1.209963350924986997e-02 0.000000000000000000e+00 1.148657011365174924e-02 0.000000000000000000e+00 0.000000000000000000e+00 2.087464174806627146e-02 0.000000000000000000e+00 5.343257918745228895e-03 0.000000000000000000e+00 0.000000000000000000e+00 0.000000000000000000e+00 3.397382758849916695e-01 1.273435647836175522e-02 0.000000000000000000e+00 0.000000000000000000e+00 0.000000000000000000e+00 0.000000000000000000e+00 6.195930679737077923e-03 0.000000000000000000e+00 0.000000000000000000e+00 0.000000000000000000e+00 2.288173892679524341e-02 9.379784068245876349e-03 0.000000000000000000e+00 0.000000000000000000e+00 6.532566565952802919e-03 0.000000000000000000e+00 0.000000000000000000e+00 0.000000000000000000e+00 0.000000000000000000e+00 0.000000000000000000e+00 0.000000000000000000e+00
2.295079514783895103e-01 0.000000000000000000e+00 0.000000000000000000e+00 3.274645362752741651e-01 0.000000000000000000e+00 3.900674356042971302e-01 1.476331061176833215e-02 0.000000000000000000e+00 1.773114529868275932e-02 0.000000000000000000e+00 1.448008372235036305e-02 6.436970880084548485e-02 6.969488527225838753e-03 0.000000000000000000e+00 0.000000000000000000e+00 9.597160898443037394e-03 2.221558573152263710e-02 0.000000000000000000e+00 0.000000000000000000e+00 0.000000000000000000e+00 0.000000000000000000e+00 0.000000000000000000e+00 0.000000000000000000e+00 1.145645356308291202e-02 0.000000000000000000e+00 8.095600370539874496e-03 0.000000000000000000e+00 0.000000000000000000e+00 0.000000000000000000e+00 2.550873779629000276e-02 0.000000000000000000e+00 2.043811869026860781e-02 0.000000000000000000e+00 8.168141125039411754e-02 0.000000000000000000e+00 0.000000000000000000e+00 8.399111649328404317e-03 4.127955495417087728e-02 0.000000000000000000e+00 0.000000000000000000e+00 0.000000000000000000e+00 0.000000000000000000e+00 0.000000000000000000e+00 0.000000000000000000e+00 1.015094242806779262e-02 1.069749996933493513e-01 0.000000000000000000e+00 0.000000000000000000e+00 1.141509499141809235e-02 0.000000000000000000e+00 0.000000000000000000e+00 4.513835129389674045e-02 0.000000000000000000e+00 0.000000000000000000e+00 1.967023226627315907e-02 0.000000000000000000e+00 0.000000000000000000e+00 0.000000000000000000e+00 0.000000000000000000e+00 0.000000000000000000e+00 7.872381530272759206e-03 0.000000000000000000e+00 0.000000000000000000e+00 0.000000000000000000e+00 0.000000000000000000e+00 0.000000000000000000e+00
0.000000000000000000e+00 0.000000000000000000e+00 0.000000000000000000e+00 9.558564364549850673e-03 0.000000000000000000e+00 0.000000000000000000e+00 5.235321486227424888e-03 0.000000000000000000e+00 1.766923945588736236e-02 0.000000000000000000e+00 1.002086840140949987e-02 1.694501728819863134e-02 2.903656563275315919e-02 7.082370721793040426e-03 8.251879368725399330e-03 8.179259705623274923e-02 0.000000000000000000e+00 4.979540868488890881e-01 0.000000000000000000e+00 0.000000000000000000e+00 0.000000000000000000e+00 3.065700328569075442e-02 1.331522943165864246e-02 2.403287869797562579e-02 0.000000000000000000e+00 0.000000000000000000e+00 0.000000000000000000e+00 0.000000000000000000e+00 0.000000000000000000e+00 0.000000000000000000e+00 0.000000000000000000e+00 5.735506017718691556e-03 1.682161045093933383e-01 0.000000000000000000e+00 0.000000000000000000e+00 0.000000000000000000e+00 0.000000000000000000e+00 0.000000000000000000e+00 9.226418967833714332e-03 0.000000000000000000e+00 0.000000000000000000e+00 0.000000000000000000e+00 2.550622088860801315e-02 0.000000000000000000e+00 0.000000000000000000e+00 0.000000000000000000e+00 0.000000000000000000e+00 0.000000000000000000e+00 9.493808741567730247e-03 0.000000000000000000e+00 0.000000000000000000e+00 2.211698236232051071e-02 0.000000000000000000e+00 0.000000000000000000e+00 0.000000000000000000e+00 7.935760784654504602e-03 0.000000000000000000e+00 0.000000000000000000e+00 0.000000000000000000e+00 6.467015230939584733e-03 3.790795325914689956e-02 0.000000000000000000e+00 0.000000000000000000e+00 6.724799100810966400e-03 1.192873246146082707e-02 0.000000000000000000e+00
9.765634613333840780e-03 0.000000000000000000e+00 0.000000000000000000e+00 0.000000000000000000e+00 0.000000000000000000e+00 0.000000000000000000e+00 9.132999561925304183e-03 0.000000000000000000e+00 2.380745928224997365e-01 2.006985828462657870e-02 1.642358775416895289e-02 6.508113338819817087e-03 0.000000000000000000e+00 0.000000000000000000e+00 0.000000000000000000e+00 1.138241787878011141e-01 2.678859945512326521e-02 0.000000000000000000e+00 8.525667493297790431e-03 0.000000000000000000e+00 3.065700328569075442e-02 0.000000000000000000e+00 1.666067277893877249e-02 8.082665810751486074e-03 0.000000000000000000e+00 0.000000000000000000e+00 0.000000000000000000e+00 0.000000000000000000e+00 1.740383209890380631e-02 0.000000000000000000e+00 0.000000000000000000e+00 3.154716213647113660e-02 0.000000000000000000e+00 0.000000000000000000e+00 0.000000000000000000e+00 9.755780102065646220e-03 4.758546077366943711e-02 0.000000000000000000e+00 0.000000000000000000e+00 0.000000000000000000e+00 0.000000000000000000e+00 0.000000000000000000e+00 0.000000000000000000e+00 7.219035417707093255e-03 1.503033165228230550e-01 0.000000000000000000e+00 0.000000000000000000e+00 0.000000000000000000e+00 0.000000000000000000e+00 5.674620354781564381e-03 0.000000000000000000e+00 4.977194005563653073e-02 0.000000000000000000e+00 0.000000000000000000e+00 0.000000000000000000e+00 0.000000000000000000e+00 0.000000000000000000e+00 0.000000000000000000e+00 0.000000000000000000e+00 0.000000000000000000e+00 0.000000000000000000e+00 6.330484355922519693e-03 0.000000000000000000e+00 0.000000000000000000e+00 0.000000000000000000e+00 0.000000000000000000e+00
6.925218668448785385e-03 0.000000000000000000e+00 7.486246424747593220e-03 0.000000000000000000e+00 0.000000000000000000e+00 0.000000000000000000e+00 0.000000000000000000e+00 0.000000000000000000e+00 1.177018489367073241e-02 0.000000000000000000e+00 1.962332837198097202e-01 1.851285822840519416e-02 0.000000000000000000e+00 8.358652655266918252e-03 1.704712652159565134e-02 5.972743904007309958e-03 0.000000000000000000e+00 0.000000000000000000e+00 0.000000000000000000e+00 0.000000000000000000e+00 1.331522943165864246e-02 1.666067277893877249e-02 0.000000000000000000e+00 0.000000000000000000e+00 0.000000000000000000e+00 0.000000000000000000e+00 0.000000000000000000e+00 0.000000000000000000e+00 0.000000000000000000e+00 1.046685970021456746e-01 0.000000000000000000e+00 1.977428991556129390e-01 0.000000000000000000e+00 0.000000000000000000e+00 0.000000000000000000e+00 7.401118849287862192e-03 0.000000000000000000e+00 0.000000000000000000e+00 0.000000000000000000e+00 0.000000000000000000e+00 1.569909760681207078e-01 0.000000000000000000e+00 2.700377571153356887e-02 0.000000000000000000e+00 0.000000000000000000e+00 0.000000000000000000e+00 0.000000000000000000e+00 0.000000000000000000e+00 0.000000000000000000e+00 0.000000000000000000e+00 0.000000000000000000e+00 0.000000000000000000e+00 0.000000000000000000e+00 2.298165130172971291e-02 0.000000000000000000e+00 0.000000000000000000e+00 0.000000000000000000e+00 0.000000000000000000e+00 0.000000000000000000e+00 0.000000000000000000e+00 0.000000000000000000e+00 0.000000000000000000e+00 0.000000000000000000e+00 0.000000000000000000e+00 0.000000000000000000e+00 0.000000000000000000e+00
3.979656739984873126e-01 0.000000000000000000e+00 0.000000000000000000e+00 0.000000000000000000e+00 0.000000000000000000e+00 0.000000000000000000e+00 0.000000000000000000e+00 0.000000000000000000e+00 0.000000000000000000e+00 0.000000000000000000e+00 7.411125224179433008e-03 6.682645024323476471e-03 1.734831496746488261e-02 3.277245083863185304e-02 0.000000000000000000e+00 0.000000000000000000e+00 9.879092124769406347e-02 1.616470824742648749e-01 0.000000000000000000e+00 1.145645356308291202e-02 2.403287869797562579e-02 8.082665810751486074e-03 0.000000000000000000e+00 0.000000000000000000e+00 5.207742282187371140e-03 2.644436465280562004e-02 0.000000000000000000e+00 2.042215008140780066e-02 0.000000000000000000e+00 0.000000000000000000e+00 0.000000000000000000e+00 0.000000000000000000e+00 0.000000000000000000e+00 0.000000000000000000e+00 0.000000000000000000e+00 0.000000000000000000e+00 0.000000000000000000e+00 0.000000000000000000e+00 0.000000000000000000e+00 0.000000000000000000e+00 0.000000000000000000e+00 0.000000000000000000e+00 2.818818356903613973e-02 0.000000000000000000e+00 0.000000000000000000e+00 0.000000000000000000e+00 2.216345329410793902e-02 5.806706845363733029e-03 0.000000000000000000e+00 0.000000000000000000e+00 0.000000000000000000e+00 0.000000000000000000e+00 4.311426534660001142e-01 0.000000000000000000e+00 0.000000000000000000e+00 0.000000000000000000e+00 0.000000000000000000e+00 0.000000000000000000e+00 0.000000000000000000e+00 5.886300754089425144e-03 7.719323889881848921e-03 0.000000000000000000e+00 0.000000000000000000e+00 0.000000000000000000e+00 0.000000000000000000e+00 0.000000000000000000e+00
