0.000000000000000000e+00 0.000000000000000000e+00 0.000000000000000000e+00 0.000000000000000000e+00 0.000000000000000000e+00 0.000000000000000000e+00 0.000000000000000000e+00 0.000000000000000000e+00 0.000000000000000000e+00 0.000000000000000000e+00 0.000000000000000000e+00 0.000000000000000000e+00 0.000000000000000000e+00 0.000000000000000000e+00 0.000000000000000000e+00 1.243274425544696471e-02 1.541647766644516429e-02 0.000000000000000000e+00 2.043892265261780181e-02 6.097203444813156618e-03 5.927405004162510788e-03 5.918643285895009397e-03 1.459946621138043590e-02 0.000000000000000000e+00 0.000000000000000000e+00 0.000000000000000000e+00 7.927295634501053262e-03 0.000000000000000000e+00 0.000000000000000000e+00 3.453652548575265185e-02 0.000000000000000000e+00 0.000000000000000000e+00 0.000000000000000000e+00 0.000000000000000000e+00 1.451406684175525659e-02 0.000000000000000000e+00 0.000000000000000000e+00 0.000000000000000000e+00 0.000000000000000000e+00 0.000000000000000000e+00 0.000000000000000000e+00 0.000000000000000000e+00 0.000000000000000000e+00 0.000000000000000000e+00 0.000000000000000000e+00 0.000000000000000000e+00 0.000000000000000000e+00 0.000000000000000000e+00 0.000000000000000000e+00 0.000000000000000000e+00 0.000000000000000000e+00 1.456424382092691948e-02 0.000000000000000000e+00 0.000000000000000000e+00 0.000000000000000000e+00 0.000000000000000000e+00 0.000000000000000000e+00 0.000000000000000000e+00 0.000000000000000000e+00 0.000000000000000000e+00 0.000000000000000000e+00 7.283813384940290674e-03 0.000000000000000000e+00 0.000000000000000000e+00 0.000000000000000000e+00 0.000000000000000000e+00
0.000000000000000000e+00 0.000000000000000000e+00 0.000000000000000000e+00 0.000000000000000000e+00 0.000000000000000000e+00 0.000000000000000000e+00 0.000000000000000000e+00 0.000000000000000000e+00 0.000000000000000000e+00 0.000000000000000000e+00 0.000000000000000000e+00 0.000000000000000000e+00 0.000000000000000000e+00 0.000000000000000000e+00 0.000000000000000000e+00 4.098124791823810620e-01 2.293575623802039942e-01 1.384022834284471745e-02 9.214823956917619907e-02 0.000000000000000000e+00 0.000000000000000000e+00 0.000000000000000000e+00 1.387978551603741631e-02 8.371096945012386492e-02 0.000000000000000000e+00 0.000000000000000000e+00 2.991188409456127864e-02 1.132971342677066041e-02 0.000000000000000000e+00 0.000000000000000000e+00 0.000000000000000000e+00 0.000000000000000000e+00 6.744471878771590365e-03 4.616004011892426567e-02 0.000000000000000000e+00 1.605405596167281540e-02 0.000000000000000000e+00 8.174258763202725195e-03 0.000000000000000000e+00 0.000000000000000000e+00 5.272828565477126299e-03 0.000000000000000000e+00 1.720994843716999040e-02 0.000000000000000000e+00 0.000000000000000000e+00 0.000000000000000000e+00 0.000000000000000000e+00 4.094410315601585415e-01 0.000000000000000000e+00 0.000000000000000000e+00 6.804153699758130891e-02 0.000000000000000000e+00 0.000000000000000000e+00 0.000000000000000000e+00 0.000000000000000000e+00 0.000000000000000000e+00 2.290971143592294632e-02 0.000000000000000000e+00 0.000000000000000000e+00 0.000000000000000000e+00 0.000000000000000000e+00 0.000000000000000000e+00 0.000000000000000000e+00 0.000000000000000000e+00 0.000000000000000000e+00 4.673330712438387713e-01
0.000000000000000000e+00 0.000000000000000000e+00 0.000000000000000000e+00 0.000000000000000000e+00 0.000000000000000000e+00 0.000000000000000000e+00 0.000000000000000000e+00 0.000000000000000000e+00 0.000000000000000000e+00 0.000000000000000000e+00 0.000000000000000000e+00 0.000000000000000000e+00 0.000000000000000000e+00 0.000000000000000000e+00 0.000000000000000000e+00 1.893788872456408923e-02 3.271382352354239298e-02 0.000000000000000000e+00 0.000000000000000000e+00 0.000000000000000000e+00 0.000000000000000000e+00 0.000000000000000000e+00 0.000000000000000000e+00 0.000000000000000000e+00 5.726035326375675596e-03 0.000000000000000000e+00 0.000000000000000000e+00 0.000000000000000000e+00 5.751903958099971459e-02 0.000000000000000000e+00 0.000000000000000000e+00 0.000000000000000000e+00 5.751802439229952192e-03 4.526907030263966486e-02 0.000000000000000000e+00 0.000000000000000000e+00 0.000000000000000000e+00 7.723062814446611871e-03 0.000000000000000000e+00 0.000000000000000000e+00 0.000000000000000000e+00 0.000000000000000000e+00 3.164191507763060296e-02 0.000000000000000000e+00 0.000000000000000000e+00 2.264627219568519645e-01 0.000000000000000000e+00 0.000000000000000000e+00 0.000000000000000000e+00 0.000000000000000000e+00 0.000000000000000000e+00 0.000000000000000000e+00 0.000000000000000000e+00 4.446501402835049965e-02 6.285851439257835252e-03 0.000000000000000000e+00 7.939100086013086560e-03 0.000000000000000000e+00 0.000000000000000000e+00 0.000000000000000000e+00 0.000000000000000000e+00 0.000000000000000000e+00 0.000000000000000000e+00 1.344483229974344045e-02 0.000000000000000000e+00 0.000000000000000000e+00
0.000000000000000000e+00 0.000000000000000000e+00 0.000000000000000000e+00 0.000000000000000000e+00 0.000000000000000000e+00 0.000000000000000000e+00 0.000000000000000000e+00 0.000000000000000000e+00 0.000000000000000000e+00 0.000000000000000000e+00 0.000000000000000000e+00 0.000000000000000000e+00 0.000000000000000000e+00 0.000000000000000000e+00 0.000000000000000000e+00 8.927109767185723715e-03 6.364316834377535884e-03 3.554616903528087790e-02 6.621919939640096182e-03 5.709148982500690875e-03 0.000000000000000000e+00 5.991334999841222038e-03 0.000000000000000000e+00 0.000000000000000000e+00 4.204511730956148052e-02 1.148677257376165897e-02 3.916647650726026025e-02 0.000000000000000000e+00 0.000000000000000000e+00 1.615552656634759027e-02 0.000000000000000000e+00 0.000000000000000000e+00 0.000000000000000000e+00 6.972195845154328074e-03 2.641690870114759560e-01 0.000000000000000000e+00 0.000000000000000000e+00 0.000000000000000000e+00 0.000000000000000000e+00 0.000000000000000000e+00 0.000000000000000000e+00 0.000000000000000000e+00 0.000000000000000000e+00 0.000000000000000000e+00 0.000000000000000000e+00 0.000000000000000000e+00 0.000000000000000000e+00 1.634931452414190023e-01 0.000000000000000000e+00 0.000000000000000000e+00 0.000000000000000000e+00 5.177698627171233026e-03 0.000000000000000000e+00 0.000000000000000000e+00 0.000000000000000000e+00 0.000000000000000000e+00 0.000000000000000000e+00 1.456959266745472825e-01 0.000000000000000000e+00 0.000000000000000000e+00 0.000000000000000000e+00 0.000000000000000000e+00 0.000000000000000000e+00 5.968978532699052708e-02 0.000000000000000000e+00 0.000000000000000000e+00
0.000000000000000000e+00 0.000000000000000000e+00 0.000000000000000000e+00 0.000000000000000000e+00 0.000000000000000000e+00 0.000000000000000000e+00 0.000000000000000000e+00 0.000000000000000000e+00 0.000000000000000000e+00 0.000000000000000000e+00 0.000000000000000000e+00 0.000000000000000000e+00 0.000000000000000000e+00 0.000000000000000000e+00 0.000000000000000000e+00 1.009040435928686315e-02 1.789536969105541900e-02 2.371993111278418789e-02 7.149132718323298295e-03 2.430851344661874233e-02 2.322640415024512794e-02 3.662247201591010276e-02 1.389049122307809414e-01 0.000000000000000000e+00 8.480678137945593664e-02 1.195663046909143344e-02 0.000000000000000000e+00 7.500629931941970620e-03 3.029728769176480083e-02 0.000000000000000000e+00 1.014763055015505989e-02 0.000000000000000000e+00 0.000000000000000000e+00 6.965701895175998790e-03 0.000000000000000000e+00 0.000000000000000000e+00 0.000000000000000000e+00 1.405870416843213178e-01 0.000000000000000000e+00 0.000000000000000000e+00 0.000000000000000000e+00 0.000000000000000000e+00 0.000000000000000000e+00 2.791293539914147664e-02 0.000000000000000000e+00 0.000000000000000000e+00 0.000000000000000000e+00 3.921476857126040411e-02 0.000000000000000000e+00 0.000000000000000000e+00 0.000000000000000000e+00 0.000000000000000000e+00 0.000000000000000000e+00 5.435463132543059614e-03 0.000000000000000000e+00 2.936102068304495202e-02 3.974246470910373918e-02 3.235723933157332727e-02 2.240581828953776555e-01 0.000000000000000000e+00 0.000000000000000000e+00 5.675362125958517689e-03 1.004929212200785134e-02 0.000000000000000000e+00 0.000000000000000000e+00 0.000000000000000000e+00
0.000000000000000000e+00 0.000000000000000000e+00 0.000000000000000000e+00 0.000000000000000000e+00 0.000000000000000000e+00 0.000000000000000000e+00 0.000000000000000000e+00 0.000000000000000000e+00 0.000000000000000000e+00 0.000000000000000000e+00 0.000000000000000000e+00 0.000000000000000000e+00 0.000000000000000000e+00 0.000000000000000000e+00 0.000000000000000000e+00 1.603529709336773412e-02 3.996143657705285984e-02 6.228877474112488183e-02 3.856641389217586174e-02 1.152461432191049205e-02 3.941421374749391748e-02 6.850598602093903658e-03 5.037528736104053897e-03 1.549756549974454223e-02 1.895640822271328629e-02 1.380868256785899514e-02 0.000000000000000000e+00 2.802750439703996163e-02 0.000000000000000000e+00 0.000000000000000000e+00 5.461571043215266569e-03 4.501678835250909338e-02 9.100815937387941867e-02 3.817558038701449608e-01 4.993951508250249471e-02 3.313350195486924887e-02 7.498146257028559525e-02 0.000000000000000000e+00 0.000000000000000000e+00 4.563553080696081815e-02 0.000000000000000000e+00 0.000000000000000000e+00 0.000000000000000000e+00 1.412863687891047389e-02 1.603641779893467262e-02 0.000000000000000000e+00 6.175777289316613551e-03 0.000000000000000000e+00 0.000000000000000000e+00 0.000000000000000000e+00 0.000000000000000000e+00 0.000000000000000000e+00 0.000000000000000000e+00 0.000000000000000000e+00 0.000000000000000000e+00 0.000000000000000000e+00 0.000000000000000000e+00 0.000000000000000000e+00 0.000000000000000000e+00 0.000000000000000000e+00 0.000000000000000000e+00 1.108311891012621862e-02 7.585900366690164799e-03 0.000000000000000000e+00 9.761163977956137730e-03 0.000000000000000000e+00
0.000000000000000000e+00 0.000000000000000000e+00 0.000000000000000000e+00 0.000000000000000000e+00 0.000000000000000000e+00 0.000000000000000000e+00 0.000000000000000000e+00 0.000000000000000000e+00 0.000000000000000000e+00 0.000000000000000000e+00 0.000000000000000000e+00 0.000000000000000000e+00 0.000000000000000000e+00 0.000000000000000000e+00 0.000000000000000000e+00 1.815471374608161950e-02 2.000001447732222687e-02 1.327306679268430017e-02 2.428729115866322674e-01 7.842895681417759793e-03 1.048360705979253446e-02 6.969352278086971691e-03 8.772869890145236146e-03 4.633977342571309888e-01 5.264179190788654747e-03 0.000000000000000000e+00 0.000000000000000000e+00 4.900918150385218108e-02 6.205180031858439742e-03 0.000000000000000000e+00 0.000000000000000000e+00 8.650922334730577756e-02 6.491326777385718338e-02 0.000000000000000000e+00 0.000000000000000000e+00 5.963636445509969651e-03 1.940166201609962171e-02 9.213989087934484901e-03 1.487924796954682161e-01 0.000000000000000000e+00 8.560427170440806227e-03 3.557411367839142385e-02 2.304020666327691313e-02 0.000000000000000000e+00 0.000000000000000000e+00 1.603723152616744890e-02 0.000000000000000000e+00 0.000000000000000000e+00 1.570562767321482395e-02 0.000000000000000000e+00 0.000000000000000000e+00 1.827806338790525023e-02 8.805928612274705955e-03 0.000000000000000000e+00 0.000000000000000000e+00 5.585574924747072761e-02 0.000000000000000000e+00 0.000000000000000000e+00 0.000000000000000000e+00 0.000000000000000000e+00 5.403033037254505698e-03 0.000000000000000000e+00 0.000000000000000000e+00 0.000000000000000000e+00 0.000000000000000000e+00 7.237641888506657524e-03
0.000000000000000000e+00 0.000000000000000000e+00 0.000000000000000000e+00 0.000000000000000000e+00 0.000000000000000000e+00 0.000000000000000000e+00 0.000000000000000000e+00 0.000000000000000000e+00 0.000000000000000000e+00 0.000000000000000000e+00 0.000000000000000000e+00 0.000000000000000000e+00 0.000000000000000000e+00 0.000000000000000000e+00 0.000000000000000000e+00 2.932538507595551514e-02 5.099046465252768910e-03 1.370470428716945473e-02 4.024706728973875131e-02 9.781331501501082382e-02 6.355312406814066922e-03 1.402138677304195363e-02 2.028619882377086237e-02 1.046103733970974239e-02 5.764200174050025834e-03 0.000000000000000000e+00 0.000000000000000000e+00 1.716419923008138948e-01 0.000000000000000000e+00 2.960504922700431252e-02 0.000000000000000000e+00 0.000000000000000000e+00 0.000000000000000000e+00 0.000000000000000000e+00 2.352320966420056239e-02 4.062194246318769908e-01 0.000000000000000000e+00 1.702898561592533500e-02 1.101082051631099151e-02 5.784530364520383550e-02 0.000000000000000000e+00 0.000000000000000000e+00 0.000000000000000000e+00 0.000000000000000000e+00 0.000000000000000000e+00 0.000000000000000000e+00 0.000000000000000000e+00 1.179479426998779334e-02 0.000000000000000000e+00 7.517523108705580909e-03 0.000000000000000000e+00 0.000000000000000000e+00 0.000000000000000000e+00 0.000000000000000000e+00 0.000000000000000000e+00 0.000000000000000000e+00 0.000000000000000000e+00 0.000000000000000000e+00 0.000000000000000000e+00 7.402453174857348030e-03 0.000000000000000000e+00 0.000000000000000000e+00 3.472324474108793441e-02 0.000000000000000000e+00 5.568032772426285276e-02 1.647825740215394519e-02
0.000000000000000000e+00 0.000000000000000000e+00 0.000000000000000000e+00 0.000000000000000000e+00 0.000000000000000000e+00 0.000000000000000000e+00 0.000000000000000000e+00 0.000000000000000000e+00 0.000000000000000000e+00 0.000000000000000000e+00 0.000000000000000000e+00 0.000000000000000000e+00 0.000000000000000000e+00 0.000000000000000000e+00 0.000000000000000000e+00 6.947770119092327827e-03 2.060570540902107242e-02 5.583304525430805160e-02 0.000000000000000000e+00 0.000000000000000000e+00 7.292154537492498770e-03 1.218026872622304455e-02 0.000000000000000000e+00 7.340728308615186715e-02 0.000000000000000000e+00 6.208377932115375503e-03 0.000000000000000000e+00 0.000000000000000000e+00 0.000000000000000000e+00 0.000000000000000000e+00 0.000000000000000000e+00 2.038393333755204873e-02 0.000000000000000000e+00 0.000000000000000000e+00 0.000000000000000000e+00 0.000000000000000000e+00 1.104094679027724235e-02 0.000000000000000000e+00 0.000000000000000000e+00 0.000000000000000000e+00 0.000000000000000000e+00 0.000000000000000000e+00 0.000000000000000000e+00 0.000000000000000000e+00 0.000000000000000000e+00 0.000000000000000000e+00 0.000000000000000000e+00 0.000000000000000000e+00 0.000000000000000000e+00 0.000000000000000000e+00 1.400036547523082937e-02 0.000000000000000000e+00 0.000000000000000000e+00 0.000000000000000000e+00 0.000000000000000000e+00 0.000000000000000000e+00 0.000000000000000000e+00 0.000000000000000000e+00 0.000000000000000000e+00 0.000000000000000000e+00 0.000000000000000000e+00 0.000000000000000000e+00 0.000000000000000000e+00 0.000000000000000000e+00 0.000000000000000000e+00 0.000000000000000000e+00
0.000000000000000000e+00 0.000000000000000000e+00 0.000000000000000000e+00 0.000000000000000000e+00 0.000000000000000000e+00 0.000000000000000000e+00 0.000000000000000000e+00 0.000000000000000000e+00 0.000000000000000000e+00 0.000000000000000000e+00 0.000000000000000000e+00 0.000000000000000000e+00 0.000000000000000000e+00 0.000000000000000000e+00 0.000000000000000000e+00 1.426167507698821238e-02 1.013550234684052753e-01 2.063584979447597931e-02 0.000000000000000000e+00 0.000000000000000000e+00 0.000000000000000000e+00 0.000000000000000000e+00 5.228289280908572124e-03 0.000000000000000000e+00 0.000000000000000000e+00 0.000000000000000000e+00 0.000000000000000000e+00 0.000000000000000000e+00 2.326936182734311992e-02 0.000000000000000000e+00 0.000000000000000000e+00 0.000000000000000000e+00 0.000000000000000000e+00 0.000000000000000000e+00 0.000000000000000000e+00 0.000000000000000000e+00 0.000000000000000000e+00 4.290323814251116585e-02 0.000000000000000000e+00 0.000000000000000000e+00 0.000000000000000000e+00 0.000000000000000000e+00 0.000000000000000000e+00 7.067784332410917067e-03 0.000000000000000000e+00 0.000000000000000000e+00 0.000000000000000000e+00 0.000000000000000000e+00 0.000000000000000000e+00 0.000000000000000000e+00 0.000000000000000000e+00 0.000000000000000000e+00 0.000000000000000000e+00 0.000000000000000000e+00 0.000000000000000000e+00 0.000000000000000000e+00 0.000000000000000000e+00 0.000000000000000000e+00 0.000000000000000000e+00 0.000000000000000000e+00 0.000000000000000000e+00 0.000000000000000000e+00 0.000000000000000000e+00 0.000000000000000000e+00 0.000000000000000000e+00 0.000000000000000000e+00
0.000000000000000000e+00 0.000000000000000000e+00 0.000000000000000000e+00 0.000000000000000000e+00 0.000000000000000000e+00 0.000000000000000000e+00 0.000000000000000000e+00 0.000000000000000000e+00 0.000000000000000000e+00 0.000000000000000000e+00 0.000000000000000000e+00 0.000000000000000000e+00 0.000000000000000000e+00 0.000000000000000000e+00 0.000000000000000000e+00 1.087964836266966558e-02 0.000000000000000000e+00 2.175537470877580981e-02 9.727060532461247883e-03 5.656342925464891321e-03 1.274886502163585442e-02 0.000000000000000000e+00 0.000000000000000000e+00 1.486222502253290410e-02 0.000000000000000000e+00 0.000000000000000000e+00 0.000000000000000000e+00 0.000000000000000000e+00 0.000000000000000000e+00 3.337954949475480104e-02 1.445211256935968747e-02 0.000000000000000000e+00 5.888928304718277912e-02 0.000000000000000000e+00 0.000000000000000000e+00 1.113302951978787647e-01 0.000000000000000000e+00 0.000000000000000000e+00 0.000000000000000000e+00 0.000000000000000000e+00 0.000000000000000000e+00 0.000000000000000000e+00 0.000000000000000000e+00 0.000000000000000000e+00 0.000000000000000000e+00 2.790242586508596689e-01 5.511719177527164837e-03 3.624781888345294800e-01 0.000000000000000000e+00 0.000000000000000000e+00 0.000000000000000000e+00 0.000000000000000000e+00 0.000000000000000000e+00 0.000000000000000000e+00 0.000000000000000000e+00 4.870171608069829433e-02 0.000000000000000000e+00 0.000000000000000000e+00 0.000000000000000000e+00 0.000000000000000000e+00 0.000000000000000000e+00 0.000000000000000000e+00 0.000000000000000000e+00 0.000000000000000000e+00 0.000000000000000000e+00 0.000000000000000000e+00
0.000000000000000000e+00 0.000000000000000000e+00 0.000000000000000000e+00 0.000000000000000000e+00 0.000000000000000000e+00 0.000000000000000000e+00 0.000000000000000000e+00 0.000000000000000000e+00 0.000000000000000000e+00 0.000000000000000000e+00 0.000000000000000000e+00 0.000000000000000000e+00 0.000000000000000000e+00 0.000000000000000000e+00 0.000000000000000000e+00 2.617970725674186872e-01 6.008093629349695562e-03 1.468515587915301610e-02 8.731731652185664369e-03 4.472361252971156220e-02 3.010616171843032984e-01 0.000000000000000000e+00 0.000000000000000000e+00 0.000000000000000000e+00 0.000000000000000000e+00 0.000000000000000000e+00 0.000000000000000000e+00 0.000000000000000000e+00 0.000000000000000000e+00 0.000000000000000000e+00 0.000000000000000000e+00 0.000000000000000000e+00 0.000000000000000000e+00 1.397931751770117026e-01 0.000000000000000000e+00 2.575652792456857229e-02 0.000000000000000000e+00 0.000000000000000000e+00 0.000000000000000000e+00 0.000000000000000000e+00 0.000000000000000000e+00 6.595226502430513900e-03 0.000000000000000000e+00 0.000000000000000000e+00 0.000000000000000000e+00 0.000000000000000000e+00 0.000000000000000000e+00 1.862325467802330159e-01 0.000000000000000000e+00 0.000000000000000000e+00 1.307534497122895545e-01 0.000000000000000000e+00 0.000000000000000000e+00 0.000000000000000000e+00 0.000000000000000000e+00 0.000000000000000000e+00 0.000000000000000000e+00 0.000000000000000000e+00 0.000000000000000000e+00 0.000000000000000000e+00 0.000000000000000000e+00 0.000000000000000000e+00 0.000000000000000000e+00 0.000000000000000000e+00 0.000000000000000000e+00 8.643149299858755852e-02
0.000000000000000000e+00 0.000000000000000000e+00 0.000000000000000000e+00 0.000000000000000000e+00 0.000000000000000000e+00 0.000000000000000000e+00 0.000000000000000000e+00 0.000000000000000000e+00 0.000000000000000000e+00 0.000000000000000000e+00 0.000000000000000000e+00 0.000000000000000000e+00 0.000000000000000000e+00 0.000000000000000000e+00 0.000000000000000000e+00 3.496515919496374081e-01 9.974494446328540515e-03 1.952126961671280317e-02 3.764627907704195392e-02 8.274285607222459094e-02 0.000000000000000000e+00 7.194776083288137621e-03 0.000000000000000000e+00 0.000000000000000000e+00 0.000000000000000000e+00 0.000000000000000000e+00 6.906482872347973617e-03 1.347282248906353508e-01 0.000000000000000000e+00 6.701825287851967752e-03 6.188430725217207440e-03 1.038506965992268098e-02 0.000000000000000000e+00 0.000000000000000000e+00 0.000000000000000000e+00 0.000000000000000000e+00 0.000000000000000000e+00 0.000000000000000000e+00 0.000000000000000000e+00 0.000000000000000000e+00 0.000000000000000000e+00 0.000000000000000000e+00 0.000000000000000000e+00 0.000000000000000000e+00 2.854401169713519787e-02 1.421905002148584479e-02 0.000000000000000000e+00 1.173239998260690448e-01 1.040951566411681128e-01 0.000000000000000000e+00 0.000000000000000000e+00 0.000000000000000000e+00 0.000000000000000000e+00 1.104171110012302018e-02 0.000000000000000000e+00 0.000000000000000000e+00 8.412549049095907963e-03 0.000000000000000000e+00 0.000000000000000000e+00 3.580329593476233585e-02 1.050848076655707015e-02 8.612557503688516095e-03 0.000000000000000000e+00 0.000000000000000000e+00 0.000000000000000000e+00 0.000000000000000000e+00
0.000000000000000000e+00 0.000000000000000000e+00 0.000000000000000000e+00 0.000000000000000000e+00 0.000000000000000000e+00 0.000000000000000000e+00 0.000000000000000000e+00 0.000000000000000000e+00 0.000000000000000000e+00 0.000000000000000000e+00 0.000000000000000000e+00 0.000000000000000000e+00 0.000000000000000000e+00 0.000000000000000000e+00 0.000000000000000000e+00 8.006940958546862261e-03 6.722850840455422972e-03 1.774361568766311473e-02 1.174554970692326533e-01 7.364447378308152693e-03 1.016324512200264367e-02 0.000000000000000000e+00 6.210521277237478731e-03 7.314759304610128458e-03 7.060520309996128410e-03 5.055623038955392272e-03 1.907937726045133911e-02 0.000000000000000000e+00 0.000000000000000000e+00 8.745054604572161799e-03 1.580357772426645852e-02 5.904297820860891603e-03 0.000000000000000000e+00 0.000000000000000000e+00 6.999659044962464396e-03 0.000000000000000000e+00 7.180270034089281106e-02 0.000000000000000000e+00 0.000000000000000000e+00 8.515970301856079505e-03 0.000000000000000000e+00 4.419692958171556746e-02 0.000000000000000000e+00 0.000000000000000000e+00 0.000000000000000000e+00 1.047388743955827289e-02 0.000000000000000000e+00 0.000000000000000000e+00 0.000000000000000000e+00 0.000000000000000000e+00 9.660547310654186981e-02 0.000000000000000000e+00 0.000000000000000000e+00 0.000000000000000000e+00 0.000000000000000000e+00 1.193825641543591262e-02 1.781617237872378801e-01 0.000000000000000000e+00 0.000000000000000000e+00 0.000000000000000000e+00 2.100580505339779899e-02 0.000000000000000000e+00 0.000000000000000000e+00 2.212734658576328076e-02 0.000000000000000000e+00 0.000000000000000000e+00
0.000000000000000000e+00 0.000000000000000000e+00 0.000000000000000000e+00 0.000000000000000000e+00 0.000000000000000000e+00 0.000000000000000000e+00 0.000000000000000000e+00 0.000000000000000000e+00 0.000000000000000000e+00 0.000000000000000000e+00 0.000000000000000000e+00 0.000000000000000000e+00 0.000000000000000000e+00 0.000000000000000000e+00 0.000000000000000000e+00 9.116266596347314885e-03 6.035881097683036545e-02 2.056220044331757979e-02 1.262411876896565865e-02 2.907854706643590026e-01 1.039300221862633419e-02 1.240108450624568225e-02 0.000000000000000000e+00 5.314772864242641587e-03 6.904943213334834365e-03 6.217600718403650147e-03 1.054968184419376002e-02 4.744740793825925895e-02 0.000000000000000000e+00 2.769128945137968589e-01 1.339566927545552712e-02 0.000000000000000000e+00 6.493129539202379188e-03 0.000000000000000000e+00 0.000000000000000000e+00 0.000000000000000000e+00 0.000000000000000000e+00 0.000000000000000000e+00 1.579096523973450711e-02 1.811031777170492851e-01 4.053555065097330101e-01 7.961669002997526917e-03 6.351226983246596736e-02 7.596078854595013363e-02 5.169903211290312502e-03 0.000000000000000000e+00 0.000000000000000000e+00 3.329101322089216691e-02 0.000000000000000000e+00 8.031172135570655013e-03 0.000000000000000000e+00 0.000000000000000000e+00 0.000000000000000000e+00 0.000000000000000000e+00 0.000000000000000000e+00 0.000000000000000000e+00 0.000000000000000000e+00 2.237064266108418006e-02 0.000000000000000000e+00 9.280656284426747060e-02 0.000000000000000000e+00 0.000000000000000000e+00 0.000000000000000000e+00 0.000000000000000000e+00 0.000000000000000000e+00 0.000000000000000000e+00
1.243274425544696471e-02 4.098124791823810620e-01 1.893788872456408923e-02 8.927109767185723715e-03 1.009040435928686315e-02 1.603529709336773412e-02 1.815471374608161950e-02 2.932538507595551514e-02 6.947770119092327827e-03 1.426167507698821238e-02 1.087964836266966558e-02 2.617970725674186872e-01 3.496515919496374081e-01 8.006940958546862261e-03 9.116266596347314885e-03 0.000000000000000000e+00 1.146520486581359063e-02 7.017891377831733841e-03 1.769816744920845938e-02 3.463133569119335176e-02 7.336945097942827732e-02 9.977617267585889294e-02 9.418537824088567614e-03 7.704666639100497122e-03 2.079490321500204394e-02 8.699721466325907246e-03 2.138354998777880142e-02 1.419554055373436346e-02 1.399097452394719443e-02 0.000000000000000000e+00 5.925559016612462655e-03 5.633234436514102626e-03 1.560145859366344201e-01 1.663923707297487731e-01 5.260669323554219810e-03 3.363882392030207447e-01 9.324931393419697012e-02 5.808571470019278059e-03 5.023645395243191668e-03 1.774517776005726799e-01 1.975111652004178306e-02 3.944937539196358839e-02 1.031258141300892342e-02 7.835081451989311246e-03 1.988318591188865600e-02 7.696218561759030248e-03 1.015710359602235886e-02 5.952154897519395041e-03 7.176471427330446962e-02 1.043712888210286509e-02 9.053190374594718981e-03 0.000000000000000000e+00 0.000000000000000000e+00 1.519592383171700090e-01 0.000000000000000000e+00 0.000000000000000000e+00 0.000000000000000000e+00 0.000000000000000000e+00 0.000000000000000000e+00 3.936321557273234767e-02 1.395223710417925200e-01 0.000000000000000000e+00 7.048948794290714123e-03 9.415731642167577894e-03 0.000000000000000000e+00 0.000000000000000000e+00
1.541647766644516429e-02 2.293575623802039942e-01 3.271382352354239298e-02 6.364316834377535884e-03 1.789536969105541900e-02 3.996143657705285984e-02 2.000001447732222687e-02 5.099046465252768910e-03 2.060570540902107242e-02 1.013550234684052753e-01 0.000000000000000000e+00 6.008093629349695562e-03 9.974494446328540515e-03 6.722850840455422972e-03 6.035881097683036545e-02 1.146520486581359063e-02 0.000000000000000000e+00 9.373928411243733633e-03 7.303582816879576438e-03 5.778417498578856254e-03 4.967737095563730387e-02 5.205027252605926025e-02 1.032101146637766538e-02 2.474767660302423788e-02 6.227804146103605755e-03 0.000000000000000000e+00 5.005386179201744279e-03 0.000000000000000000e+00 1.847124459320518552e-01 9.338820897220037262e-03 0.000000000000000000e+00 5.474696858035370435e-03 0.000000000000000000e+00 5.582361862485203143e-03 0.000000000000000000e+00 0.000000000000000000e+00 0.000000000000000000e+00 0.000000000000000000e+00 2.096449741911558806e-02 0.000000000000000000e+00 6.381795149916692778e-03 0.000000000000000000e+00 5.145376766392067980e-03 6.176814721353767607e-03 1.002097312255646397e-02 0.000000000000000000e+00 6.233978967603841931e-03 0.000000000000000000e+00 0.000000000000000000e+00 0.000000000000000000e+00 0.000000000000000000e+00 6.400789403254249915e-03 0.000000000000000000e+00 1.868803227271013251e-02 1.635772212308902740e-01 1.300013604061418804e-01 8.263725343636747767e-02 0.000000000000000000e+00 0.000000000000000000e+00 0.000000000000000000e+00 0.000000000000000000e+00 0.000000000000000000e+00 0.000000000000000000e+00 0.000000000000000000e+00 0.000000000000000000e+00 1.622861226551564756e-02
0.000000000000000000e+00 1.384022834284471745e-02 0.000000000000000000e+00 3.554616903528087790e-02 2.371993111278418789e-02 6.228877474112488183e-02 1.327306679268430017e-02 1.370470428716945473e-02 5.583304525430805160e-02 2.063584979447597931e-02 2.175537470877580981e-02 1.468515587915301610e-02 1.952126961671280317e-02 1.774361568766311473e-02 2.056220044331757979e-02 7.017891377831733841e-03 9.373928411243733633e-03 0.000000000000000000e+00 3.634120678103125446e-02 3.676588264582560106e-02 8.770500145600917258e-03 1.529587584305706384e-02 1.834868454936296883e-02 0.000000000000000000e+00 0.000000000000000000e+00 1.398627993353796645e-02 0.000000000000000000e+00 6.311711523616017096e-03 0.000000000000000000e+00 0.000000000000000000e+00 0.000000000000000000e+00 1.071716778377541056e-02 0.000000000000000000e+00 5.246113841575804002e-03 0.000000000000000000e+00 1.082743882963625552e-02 0.000000000000000000e+00 4.927956802631137945e-02 3.707133550769415864e-01 0.000000000000000000e+00 0.000000000000000000e+00 0.000000000000000000e+00 0.000000000000000000e+00 0.000000000000000000e+00 0.000000000000000000e+00 5.008982387871276261e-03 0.000000000000000000e+00 6.944612355245062714e-03 6.030674989541984568e-03 0.000000000000000000e+00 2.282020594535359020e-02 1.176110801184944259e-02 0.000000000000000000e+00 0.000000000000000000e+00 0.000000000000000000e+00 0.000000000000000000e+00 0.000000000000000000e+00 5.180601940674170458e-02 0.000000000000000000e+00 2.481086260167514324e-02 0.000000000000000000e+00 0.000000000000000000e+00 0.000000000000000000e+00 0.000000000000000000e+00 0.000000000000000000e+00 0.000000000000000000e+00
2.043892265261780181e-02 9.214823956917619907e-02 0.000000000000000000e+00 6.621919939640096182e-03 7.149132718323298295e-03 3.856641389217586174e-02 2.428729115866322674e-01 4.024706728973875131e-02 0.000000000000000000e+00 0.000000000000000000e+00 9.727060532461247883e-03 8.731731652185664369e-03 3.764627907704195392e-02 1.174554970692326533e-01 1.262411876896565865e-02 1.769816744920845938e-02 7.303582816879576438e-03 3.634120678103125446e-02 0.000000000000000000e+00 7.123560455588296390e-03 3.303888226343899143e-02 2.669893716483789231e-02 1.615328024511784866e-01 3.342184964388204144e-02 7.120400034073267465e-03 2.808081184446298284e-02 8.753482333719841621e-03 2.052582333585659391e-01 1.348747742949465110e-02 8.446211085990064371e-02 5.184608515543671393e-03 7.638980424156483449e-03 7.044318505706053356e-03 0.000000000000000000e+00 1.358130415696866440e-02 0.000000000000000000e+00 5.827243223025094232e-03 6.824406892533618936e-03 1.295143474684236871e-02 0.000000000000000000e+00 1.158684313112824382e-01 0.000000000000000000e+00 2.102943933044922400e-02 0.000000000000000000e+00 0.000000000000000000e+00 1.124613621545923238e-02 9.230682166433031022e-03 0.000000000000000000e+00 6.685720060424925511e-03 4.588873414618651475e-02 0.000000000000000000e+00 0.000000000000000000e+00 7.382760029541997338e-02 1.336738641189877952e-01 0.000000000000000000e+00 0.000000000000000000e+00 0.000000000000000000e+00 9.231352070560390824e-03 3.772227251730270875e-02 0.000000000000000000e+00 1.531057405086522043e-02 2.971429973861384674e-02 1.011067192905491970e-02 0.000000000000000000e+00 1.588013600942464118e-02 0.000000000000000000e+00
6.097203444813156618e-03 0.000000000000000000e+00 0.000000000000000000e+00 5.709148982500690875e-03 2.430851344661874233e-02 1.152461432191049205e-02 7.842895681417759793e-03 9.781331501501082382e-02 0.000000000000000000e+00 0.000000000000000000e+00 5.656342925464891321e-03 4.472361252971156220e-02 8.274285607222459094e-02 7.364447378308152693e-03 2.907854706643590026e-01 3.463133569119335176e-02 5.778417498578856254e-03 3.676588264582560106e-02 7.123560455588296390e-03 0.000000000000000000e+00 9.612629576905845283e-03 1.873001892246793990e-02 4.360668779949005702e-01 1.011961894268614305e-02 1.396206053740798037e-01 1.658807261383139775e-02 2.186307573012616634e-01 8.137739018680481551e-02 3.987048511751892926e-02 4.066338077158691139e-02 1.085861325558370831e-02 2.619405350657374315e-02 6.665058415880154713e-03 3.573313171517811249e-02 0.000000000000000000e+00 0.000000000000000000e+00 0.000000000000000000e+00 0.000000000000000000e+00 5.071342283414607272e-03 0.000000000000000000e+00 1.241455105298906042e-02 3.929543454750184656e-02 0.000000000000000000e+00 4.874192424588192490e-02 1.294016058606120845e-01 5.577691903401557627e-03 8.337236487107284669e-03 0.000000000000000000e+00 1.094313283821055603e-02 0.000000000000000000e+00 0.000000000000000000e+00 0.000000000000000000e+00 0.000000000000000000e+00 6.904780830286664194e-03 9.223859674829049463e-03 4.055910966946446594e-01 0.000000000000000000e+00 6.579394542876548964e-03 1.067497393193814030e-02 0.000000000000000000e+00 0.000000000000000000e+00 0.000000000000000000e+00 0.000000000000000000e+00 3.383122615156651525e-02 5.854922014166893257e-02 0.000000000000000000e+00
5.927405004162510788e-03 0.000000000000000000e+00 0.000000000000000000e+00 0.000000000000000000e+00 2.322640415024512794e-02 3.941421374749391748e-02 1.048360705979253446e-02 6.355312406814066922e-03 7.292154537492498770e-03 0.000000000000000000e+00 1.274886502163585442e-02 3.010616171843032984e-01 0.000000000000000000e+00 1.016324512200264367e-02 1.039300221862633419e-02 7.336945097942827732e-02 4.967737095563730387e-02 8.770500145600917258e-03 3.303888226343899143e-02 9.612629576905845283e-03 0.000000000000000000e+00 6.870222132075172461e-03 2.138455379221624111e-02 1.605947420037967185e-02 6.467551174428113649e-03 5.397549273115855202e-03 5.781333537425325381e-02 8.048789587158412806e-03 0.000000000000000000e+00 4.112366237035489092e-02 1.177383145945390050e-02 5.740896328763039208e-02 0.000000000000000000e+00 0.000000000000000000e+00 0.000000000000000000e+00 0.000000000000000000e+00 0.000000000000000000e+00 0.000000000000000000e+00 0.000000000000000000e+00 8.776948306255388799e-03 0.000000000000000000e+00 1.108170529179587117e-02 0.000000000000000000e+00 0.000000000000000000e+00 0.000000000000000000e+00 0.000000000000000000e+00 0.000000000000000000e+00 8.957090748986176049e-03 0.000000000000000000e+00 9.555333871015540131e-03 0.000000000000000000e+00 0.000000000000000000e+00 1.325989116687787371e-02 0.000000000000000000e+00 8.390519746377665330e-03 0.000000000000000000e+00 1.202921187732124003e-01 1.127149874031682236e-01 0.000000000000000000e+00 5.493109613989516360e-02 0.000000000000000000e+00 0.000000000000000000e+00 0.000000000000000000e+00 0.000000000000000000e+00 7.699052641011640101e-03 0.000000000000000000e+00
5.918643285895009397e-03 0.000000000000000000e+00 0.000000000000000000e+00 5.991334999841222038e-03 3.662247201591010276e-02 6.850598602093903658e-03 6.969352278086971691e-03 1.402138677304195363e-02 1.218026872622304455e-02 0.000000000000000000e+00 0.000000000000000000e+00 0.000000000000000000e+00 7.194776083288137621e-03 0.000000000000000000e+00 1.240108450624568225e-02 9.977617267585889294e-02 5.205027252605926025e-02 1.529587584305706384e-02 2.669893716483789231e-02 1.873001892246793990e-02 6.870222132075172461e-03 0.000000000000000000e+00 9.764242715620172208e-02 1.040466931303706162e-02 1.143796847300204422e-01 2.790458980541113757e-02 0.000000000000000000e+00 5.578067238076166341e-03 3.036054926331689663e-02 1.202313298673449680e-02 0.000000000000000000e+00 1.738562624973222226e-02 0.000000000000000000e+00 0.000000000000000000e+00 6.844447554422690080e-03 9.198161503675059830e-03 0.000000000000000000e+00 0.000000000000000000e+00 0.000000000000000000e+00 4.312323157046123456e-01 2.838497743651670693e-02 2.632412327368297347e-02 5.766886534490776872e-03 1.096715807638355689e-02 3.206327547452363785e-02 5.123166524182793703e-03 0.000000000000000000e+00 0.000000000000000000e+00 5.779295043587220036e-03 0.000000000000000000e+00 3.572271295810740266e-02 0.000000000000000000e+00 1.499943187096317854e-01 9.981725699052720543e-03 0.000000000000000000e+00 1.815540365803191419e-02 0.000000000000000000e+00 2.694496556012801469e-01 6.476486519316804018e-03 1.526771122128378448e-02 0.000000000000000000e+00 0.000000000000000000e+00 8.943733164302788974e-03 2.468588833721538089e-01 0.000000000000000000e+00 0.000000000000000000e+00
1.459946621138043590e-02 1.387978551603741631e-02 0.000000000000000000e+00 0.000000000000000000e+00 1.389049122307809414e-01 5.037528736104053897e-03 8.772869890145236146e-03 2.028619882377086237e-02 0.000000000000000000e+00 5.228289280908572124e-03 0.000000000000000000e+00 0.000000000000000000e+00 0.000000000000000000e+00 6.210521277237478731e-03 0.000000000000000000e+00 9.418537824088567614e-03 1.032101146637766538e-02 1.834868454936296883e-02 1.615328024511784866e-01 4.360668779949005702e-01 2.138455379221624111e-02 9.764242715620172208e-02 0.000000000000000000e+00 5.047175014487923980e-03 7.368922694274651630e-03 5.746885394310819427e-03 3.023972051089397414e-02 2.577848389144387076e-01 5.076998876633469042e-03 0.000000000000000000e+00 7.894543254912762820e-02 0.000000000000000000e+00 0.000000000000000000e+00 4.018246881862627684e-02 9.214495019822190047e-02 5.462071708711329840e-03 8.401953291981522493e-03 3.203549085333459723e-02 8.251608472211059003e-03 0.000000000000000000e+00 1.229447390634534620e-02 0.000000000000000000e+00 0.000000000000000000e+00 0.000000000000000000e+00 0.000000000000000000e+00 0.000000000000000000e+00 0.000000000000000000e+00 0.000000000000000000e+00 8.548712735663554357e-03 0.000000000000000000e+00 0.000000000000000000e+00 2.801250490572740337e-02 9.346089767570606166e-03 0.000000000000000000e+00 2.844168512285021391e-02 0.000000000000000000e+00 0.000000000000000000e+00 0.000000000000000000e+00 9.898981242777698392e-03 0.000000000000000000e+00 0.000000000000000000e+00 2.877612805999848339e-02 7.062991772123234507e-03 0.000000000000000000e+00 5.665483239339611302e-03 1.545320300747411724e-02
0.000000000000000000e+00 8.371096945012386492e-02 0.000000000000000000e+00 0.000000000000000000e+00 0.000000000000000000e+00 1.549756549974454223e-02 4.633977342571309888e-01 1.046103733970974239e-02 7.340728308615186715e-02 0.000000000000000000e+00 1.486222502253290410e-02 0.000000000000000000e+00 0.000000000000000000e+00 7.314759304610128458e-03 5.314772864242641587e-03 7.704666639100497122e-03 2.474767660302423788e-02 0.000000000000000000e+00 3.342184964388204144e-02 1.011961894268614305e-02 1.605947420037967185e-02 1.040466931303706162e-02 5.047175014487923980e-03 0.000000000000000000e+00 0.000000000000000000e+00 1.338061516719662308e-02 1.303004596702038442e-02 0.000000000000000000e+00 7.547151282227315509e-03 0.000000000000000000e+00 0.000000000000000000e+00 0.000000000000000000e+00 5.858913010159296463e-03 1.055269351828442004e-01 0.000000000000000000e+00 8.367669466225267916e-03 3.309695531157911402e-02 0.000000000000000000e+00 0.000000000000000000e+00 6.835770425933008175e-03 2.208573252399513576e-02 0.000000000000000000e+00 0.000000000000000000e+00 2.288638582781628295e-01 0.000000000000000000e+00 0.000000000000000000e+00 6.921191290804398939e-03 0.000000000000000000e+00 0.000000000000000000e+00 0.000000000000000000e+00 0.000000000000000000e+00 2.031621283795612687e-01 0.000000000000000000e+00 0.000000000000000000e+00 5.241051780220121192e-02 1.323982027635107681e-02 0.000000000000000000e+00 0.000000000000000000e+00 0.000000000000000000e+00 0.000000000000000000e+00 7.326105613927325934e-03 0.000000000000000000e+00 0.000000000000000000e+00 0.000000000000000000e+00 0.000000000000000000e+00 1.606923552290688909e-02
