0.000000000000000000e+00 1.474605984191913050e-02 1.749696565871847742e-01 1.995958976619386371e-01 0.000000000000000000e+00 0.000000000000000000e+00 8.813716569210830465e-03 2.266556986618207814e-01 0.000000000000000000e+00 7.874899415729398611e-02 0.000000000000000000e+00 5.629067805642195936e-03 0.000000000000000000e+00 4.112215938499720613e-02 0.000000000000000000e+00 0.000000000000000000e+00 7.111315966295310431e-02 6.389190087537952034e-03 0.000000000000000000e+00 5.579699079158505735e-03 0.000000000000000000e+00 1.314978415311517101e-01 5.521886449380878498e-02 0.000000000000000000e+00 0.000000000000000000e+00 0.000000000000000000e+00 1.190520705152324846e-02 8.435382137430788921e-03 0.000000000000000000e+00 1.395971207901843814e-01 0.000000000000000000e+00 9.911961800925879820e-03 0.000000000000000000e+00 3.609588130616211282e-02 1.000932228858570847e-02 3.024966567250612914e-02 2.670302370969406328e-02 1.438923250902570672e-01 0.000000000000000000e+00 0.000000000000000000e+00 0.000000000000000000e+00 1.518575377785229830e-01 1.825745056554134715e-01 7.207756558646296816e-03 7.421392465164948840e-03 7.096819974811518703e-03 3.584793514229060035e-02 9.833169561276144943e-02 3.892598359052865109e-02 0.000000000000000000e+00 0.000000000000000000e+00 0.000000000000000000e+00 6.620836456010639748e-02 9.557579489941068693e-03 2.217977157002895550e-02 0.000000000000000000e+00 7.597971448159998933e-03 0.000000000000000000e+00 2.130054795632389461e-02 7.918960500721381954e-03 0.000000000000000000e+00 0.000000000000000000e+00 0.000000000000000000e+00 3.659195287337239227e-02 7.215954259327740650e-02 1.553094661404599147e-02
1.474605984191913050e-02 0.000000000000000000e+00 0.000000000000000000e+00 0.000000000000000000e+00 0.000000000000000000e+00 1.284820434621466480e-02 0.000000000000000000e+00 0.000000000000000000e+00 0.000000000000000000e+00 1.665741877647822222e-01 7.556235300360970158e-03 8.485842182001613818e-03 7.888191189016198479e-02 2.039187814907588228e-02 0.000000000000000000e+00 6.327648509376109821e-03 8.605830756757441510e-03 0.000000000000000000e+00 4.228681215673468774e-01 0.000000000000000000e+00 9.875378334882642384e-02 0.000000000000000000e+00 0.000000000000000000e+00 6.123725079427055906e-02 7.618049425811302018e-03 0.000000000000000000e+00 2.644658674364111853e-02 0.000000000000000000e+00 0.000000000000000000e+00 0.000000000000000000e+00 1.716492383561619983e-02 0.000000000000000000e+00 0.000000000000000000e+00 6.119172339293870583e-02 0.000000000000000000e+00 0.000000000000000000e+00 0.000000000000000000e+00 0.000000000000000000e+00 1.383805613534132284e-02 2.560139448187341224e-02 7.272966603391107544e-03 9.439537295830439587e-03 0.000000000000000000e+00 0.000000000000000000e+00 0.000000000000000000e+00 0.000000000000000000e+00 0.000000000000000000e+00 2.059441323177697847e-02 6.661939093489761821e-02 0.000000000000000000e+00 0.000000000000000000e+00 0.000000000000000000e+00 1.006944790347287857e-02 0.000000000000000000e+00 0.000000000000000000e+00 0.000000000000000000e+00 2.991212892727887832e-02 1.750705257633308060e-02 0.000000000000000000e+00 0.000000000000000000e+00 3.003885576306724800e-02 8.995287940907337534e-03 5.892544893307568969e-03 0.000000000000000000e+00 0.000000000000000000e+00 0.000000000000000000e+00
1.749696565871847742e-01 0.000000000000000000e+00 0.000000000000000000e+00 8.140162075849891737e-03 0.000000000000000000e+00 0.000000000000000000e+00 0.000000000000000000e+00 8.080268385457887656e-03 7.139155825356399698e-02 0.000000000000000000e+00 6.861346869394061888e-03 7.500291365088003308e-03 0.000000000000000000e+00 0.000000000000000000e+00 1.293867188410535891e-02 6.301327530799172294e-02 0.000000000000000000e+00 1.361511956250253397e-01 0.000000000000000000e+00 0.000000000000000000e+00 4.011790948913478150e-02 0.000000000000000000e+00 1.816820494272409214e-01 2.247655594355052119e-02 8.878238980634750588e-03 0.000000000000000000e+00 1.201229009177787882e-02 9.060072890627440811e-02 0.000000000000000000e+00 0.000000000000000000e+00 0.000000000000000000e+00 0.000000000000000000e+00 0.000000000000000000e+00 2.851367596871314317e-02 0.000000000000000000e+00 2.582064160437780309e-01 0.000000000000000000e+00 1.088836602138341415e-02 3.438537905561862840e-02 1.251899876656235172e-02 0.000000000000000000e+00 8.717667960190304127e-03 1.629968813130412003e-02 9.668441640168345952e-02 0.000000000000000000e+00 0.000000000000000000e+00 0.000000000000000000e+00 0.000000000000000000e+00 0.000000000000000000e+00 0.000000000000000000e+00 2.467773076515159675e-02 0.000000000000000000e+00 1.725006535866603907e-01 1.096171042805883789e-02 0.000000000000000000e+00 2.280800093199296039e-02 2.630223841136311927e-02 5.090215330934034881e-03 5.126600526559787346e-03 0.000000000000000000e+00 8.373946649653168234e-03 0.000000000000000000e+00 8.353987164770784041e-03 0.000000000000000000e+00 0.000000000000000000e+00 0.000000000000000000e+00
1.995958976619386371e-01 0.000000000000000000e+00 8.140162075849891737e-03 0.000000000000000000e+00 1.153751858751999870e-01 2.044494389397977924e-02 1.529853516573197528e-02 0.000000000000000000e+00 5.752840860119694949e-02 3.329283097659178625e-01 0.000000000000000000e+00 0.000000000000000000e+00 2.530384663377864204e-02 0.000000000000000000e+00 0.000000000000000000e+00 5.165904827752960601e-03 0.000000000000000000e+00 0.000000000000000000e+00 1.175095814318278045e-02 4.330911893519546196e-01 0.000000000000000000e+00 0.000000000000000000e+00 1.170549614890751544e-01 0.000000000000000000e+00 0.000000000000000000e+00 0.000000000000000000e+00 0.000000000000000000e+00 0.000000000000000000e+00 0.000000000000000000e+00 0.000000000000000000e+00 0.000000000000000000e+00 0.000000000000000000e+00 0.000000000000000000e+00 1.372000090646473616e-02 5.205450303001430724e-03 1.835227660422385915e-02 0.000000000000000000e+00 1.292353753480343648e-02 9.206993042406309488e-03 0.000000000000000000e+00 6.631644478469470028e-02 0.000000000000000000e+00 0.000000000000000000e+00 0.000000000000000000e+00 7.803111082589432417e-03 0.000000000000000000e+00 0.000000000000000000e+00 0.000000000000000000e+00 0.000000000000000000e+00 0.000000000000000000e+00 2.474441381947978594e-02 0.000000000000000000e+00 1.694842569472521793e-02 1.360702540545539151e-02 0.000000000000000000e+00 0.000000000000000000e+00 0.000000000000000000e+00 0.000000000000000000e+00 0.000000000000000000e+00 0.000000000000000000e+00 1.436920990384351615e-01 1.045901259993627097e-02 0.000000000000000000e+00 0.000000000000000000e+00 0.000000000000000000e+00 0.000000000000000000e+00
0.000000000000000000e+00 0.000000000000000000e+00 0.000000000000000000e+00 1.153751858751999870e-01 0.000000000000000000e+00 2.846706979595275619e-02 1.233465644410223876e-02 6.422403466542886928e-03 0.000000000000000000e+00 2.950947818769018849e-02 6.163637394189586810e-03 0.000000000000000000e+00 0.000000000000000000e+00 0.000000000000000000e+00 0.000000000000000000e+00 0.000000000000000000e+00 0.000000000000000000e+00 5.776306792879393366e-03 1.413066344995383104e-02 0.000000000000000000e+00 0.000000000000000000e+00 2.815921394061999400e-02 2.111678406975169286e-01 0.000000000000000000e+00 0.000000000000000000e+00 0.000000000000000000e+00 1.752937954830536410e-02 0.000000000000000000e+00 8.277262493288761042e-03 2.523197285607951118e-02 5.827017164693368279e-02 0.000000000000000000e+00 0.000000000000000000e+00 0.000000000000000000e+00 0.000000000000000000e+00 8.582641144609624850e-03 0.000000000000000000e+00 0.000000000000000000e+00 0.000000000000000000e+00 2.118177013785198237e-02 0.000000000000000000e+00 6.085016674723348756e-02 9.916906619426690134e-03 0.000000000000000000e+00 7.452839469519591774e-03 1.287585540486445128e-02 7.276164116224032030e-03 8.334962895366818461e-03 1.057437504063856760e-02 2.160056753320622747e-01 0.000000000000000000e+00 8.408876342257409070e-03 0.000000000000000000e+00 7.577229542249521756e-03 0.000000000000000000e+00 5.893307970320711339e-03 0.000000000000000000e+00 0.000000000000000000e+00 1.729472154177444029e-02 0.000000000000000000e+00 1.252775897759430580e-02 0.000000000000000000e+00 1.527905632601483099e-01 8.255788683516528115e-03 7.603845953926482992e-02 0.000000000000000000e+00
0.000000000000000000e+00 1.284820434621466480e-02 0.000000000000000000e+00 2.044494389397977924e-02 2.846706979595275619e-02 0.000000000000000000e+00 1.627466563961478263e-01 0.000000000000000000e+00 1.815365145895497800e-02 6.106743550778090217e-03 0.000000000000000000e+00 0.000000000000000000e+00 0.000000000000000000e+00 0.000000000000000000e+00 7.613625588894807651e-03 1.728080893369289550e-02 2.690518250367333053e-01 2.874948715995912646e-02 7.759385992695925181e-03 0.000000000000000000e+00 0.000000000000000000e+00 0.000000000000000000e+00 0.000000000000000000e+00 8.869624433604917160e-03 0.000000000000000000e+00 0.000000000000000000e+00 1.062498035619397971e-02 0.000000000000000000e+00 5.693385518430814363e-03 5.937482000184954485e-03 0.000000000000000000e+00 0.000000000000000000e+00 0.000000000000000000e+00 8.475970871833183110e-03 2.685710840253508619e-02 4.529238736759707562e-01 0.000000000000000000e+00 1.973669608819234728e-02 1.993419516433620267e-02 6.361586084463823759e-03 2.120965379678082033e-02 0.000000000000000000e+00 0.000000000000000000e+00 0.000000000000000000e+00 8.091315125144597775e-03 0.000000000000000000e+00 1.864043504018263187e-02 0.000000000000000000e+00 6.752438615681634511e-03 7.576837874993995470e-02 2.292275505179437040e-02 0.000000000000000000e+00 1.105694583832009595e-02 0.000000000000000000e+00 3.322108188129406503e-02 1.579079056942494369e-02 0.000000000000000000e+00 1.171651500226409889e-02 1.879454101472784883e-02 5.279748640716922133e-03 1.218145294842800687e-02 9.494198097637577410e-03 0.000000000000000000e+00 0.000000000000000000e+00 0.000000000000000000e+00 4.744007937503438160e-02
8.813716569210830465e-03 0.000000000000000000e+00 0.000000000000000000e+00 1.529853516573197528e-02 1.233465644410223876e-02 1.627466563961478263e-01 0.000000000000000000e+00 0.000000000000000000e+00 3.087738305918517889e-02 0.000000000000000000e+00 7.539801620838982275e-03 0.000000000000000000e+00 0.000000000000000000e+00 2.725232220946760195e-02 0.000000000000000000e+00 2.008572933585368869e-02 1.724632462428867669e-02 5.070265557401959673e-03 5.383644317301513986e-03 0.000000000000000000e+00 0.000000000000000000e+00 9.595060819363170068e-03 1.452177867262043585e-02 5.546131998774866782e-03 2.353004155622282212e-01 2.265656802069778569e-02 1.956424338980410904e-01 2.814914698965133577e-01 8.907391873511902314e-03 0.000000000000000000e+00 8.410836647709266090e-03 5.543192102145699622e-03 0.000000000000000000e+00 0.000000000000000000e+00 7.871893260405200821e-02 0.000000000000000000e+00 1.336448276668035333e-02 3.069003093866400911e-01 1.845452172182375505e-01 0.000000000000000000e+00 0.000000000000000000e+00 0.000000000000000000e+00 0.000000000000000000e+00 7.276234047142826449e-03 0.000000000000000000e+00 0.000000000000000000e+00 0.000000000000000000e+00 7.406121927411093986e-02 1.760840089845589970e-02 5.128164654210056947e-03 0.000000000000000000e+00 3.902273895366026313e-01 8.135723778450914059e-03 0.000000000000000000e+00 2.123097273356723894e-02 0.000000000000000000e+00 0.000000000000000000e+00 0.000000000000000000e+00 0.000000000000000000e+00 2.639163000854954227e-02 1.055277566983085953e-02 0.000000000000000000e+00 9.836540757085324160e-02 8.994434700358543144e-02 0.000000000000000000e+00 7.498110748499813016e-03
2.266556986618207814e-01 0.000000000000000000e+00 8.080268385457887656e-03 0.000000000000000000e+00 6.422403466542886928e-03 0.000000000000000000e+00 0.000000000000000000e+00 0.000000000000000000e+00 4.172785124212673169e-02 1.006076932624809100e-01 0.000000000000000000e+00 0.000000000000000000e+00 2.232886258084020720e-02 0.000000000000000000e+00 0.000000000000000000e+00 5.752419351007611800e-03 1.228590482885056484e-02 0.000000000000000000e+00 1.105009814773675048e-01 8.147727849855226565e-03 6.124487543344909503e-03 1.866776853019476157e-01 4.837958464131142944e-01 1.818072137476734185e-01 1.746356771465712790e-02 0.000000000000000000e+00 4.963101132886841432e-02 8.320671261236794319e-03 0.000000000000000000e+00 0.000000000000000000e+00 3.483171724172086370e-02 5.906977896791158755e-02 0.000000000000000000e+00 0.000000000000000000e+00 4.272576285834250170e-02 4.386870411617962290e-02 0.000000000000000000e+00 0.000000000000000000e+00 0.000000000000000000e+00 2.021578193689165664e-02 5.011539308757764766e-03 0.000000000000000000e+00 0.000000000000000000e+00 0.000000000000000000e+00 0.000000000000000000e+00 6.216884711905926349e-03 0.000000000000000000e+00 9.724606469906669354e-03 0.000000000000000000e+00 3.221228454757506243e-02 0.000000000000000000e+00 1.216480968258804203e-02 0.000000000000000000e+00 0.000000000000000000e+00 1.727809353002140655e-02 0.000000000000000000e+00 2.349104294886414021e-02 3.347243467614554602e-01 0.000000000000000000e+00 0.000000000000000000e+00 5.537763107661280992e-02 0.000000000000000000e+00 5.151894514154523042e-02 0.000000000000000000e+00 0.000000000000000000e+00 0.000000000000000000e+00
0.000000000000000000e+00 0.000000000000000000e+00 7.139155825356399698e-02 5.752840860119694949e-02 0.000000000000000000e+00 1.815365145895497800e-02 3.087738305918517889e-02 4.172785124212673169e-02 0.000000000000000000e+00 2.267011179097147555e-02 7.137048902346779765e-03 1.472973383408007937e-02 0.000000000000000000e+00 0.000000000000000000e+00 0.000000000000000000e+00 0.000000000000000000e+00 0.000000000000000000e+00 0.000000000000000000e+00 0.000000000000000000e+00 8.304772759747820407e-03 0.000000000000000000e+00 2.614621774341144289e-01 3.625473255926654759e-02 3.596710409239478601e-02 0.000000000000000000e+00 2.203462530124615515e-02 0.000000000000000000e+00 1.197448277414899995e-02 0.000000000000000000e+00 0.000000000000000000e+00 0.000000000000000000e+00 4.229375329438054831e-01 2.464674898231985767e-01 0.000000000000000000e+00 7.500213728922522534e-03 6.218063363188881115e-03 7.347711110554084810e-03 0.000000000000000000e+00 1.551065323423509411e-02 3.668684692249730150e-01 0.000000000000000000e+00 1.311156219637330811e-01 0.000000000000000000e+00 0.000000000000000000e+00 1.424173911888462069e-02 6.656961195025840397e-03 0.000000000000000000e+00 8.320970336972977055e-02 7.701032418837061404e-03 7.506570562518206230e-03 8.526855194119562290e-03 3.490055820955362265e-02 0.000000000000000000e+00 0.000000000000000000e+00 0.000000000000000000e+00 0.000000000000000000e+00 1.981228064705726696e-02 2.708478059383965728e-02 0.000000000000000000e+00 0.000000000000000000e+00 0.000000000000000000e+00 2.435868469690178825e-02 8.567393758224557329e-03 0.000000000000000000e+00 0.000000000000000000e+00 0.000000000000000000e+00
7.874899415729398611e-02 1.665741877647822222e-01 0.000000000000000000e+00 3.329283097659178625e-01 2.950947818769018849e-02 6.106743550778090217e-03 0.000000000000000000e+00 1.006076932624809100e-01 2.267011179097147555e-02 0.000000000000000000e+00 0.000000000000000000e+00 0.000000000000000000e+00 2.785894598476247319e-01 0.000000000000000000e+00 7.135341061440796800e-03 0.000000000000000000e+00 0.000000000000000000e+00 0.000000000000000000e+00 3.748176828746999784e-02 0.000000000000000000e+00 1.398259896327067563e-02 1.976570642275971360e-02 0.000000000000000000e+00 6.367776507865059374e-03 0.000000000000000000e+00 0.000000000000000000e+00 1.081496840552652328e-02 0.000000000000000000e+00 0.000000000000000000e+00 2.426529957195058540e-01 2.531614281719122075e-02 7.249794431725371975e-03 0.000000000000000000e+00 6.743942900455622558e-02 1.804995983003197454e-02 0.000000000000000000e+00 0.000000000000000000e+00 1.538032312228660055e-02 2.883171848504306398e-02 0.000000000000000000e+00 1.579352020799238560e-02 8.382472769295944842e-03 0.000000000000000000e+00 0.000000000000000000e+00 0.000000000000000000e+00 0.000000000000000000e+00 6.759525726177528435e-03 7.639654225564195857e-03 9.654414811631401028e-02 9.289052611139074142e-03 9.942510559678598495e-03 0.000000000000000000e+00 0.000000000000000000e+00 9.478272265257747450e-03 8.674231500965849662e-03 5.734709241869475130e-03 0.000000000000000000e+00 0.000000000000000000e+00 0.000000000000000000e+00 1.957147908874435349e-01 2.975447991772138256e-01 2.706184796289025016e-02 0.000000000000000000e+00 0.000000000000000000e+00 3.255310519810700187e-01 1.267397272573235825e-02
0.000000000000000000e+00 7.556235300360970158e-03 6.861346869394061888e-03 0.000000000000000000e+00 6.163637394189586810e-03 0.000000000000000000e+00 7.539801620838982275e-03 0.000000000000000000e+00 7.137048902346779765e-03 0.000000000000000000e+00 0.000000000000000000e+00 0.000000000000000000e+00 0.000000000000000000e+00 0.000000000000000000e+00 6.394373053825386059e-03 0.000000000000000000e+00 3.354110884515192070e-02 3.351755216115127195e-02 0.000000000000000000e+00 2.947154690467011090e-02 1.912419150854965250e-02 1.884600687124162594e-02 0.000000000000000000e+00 0.000000000000000000e+00 5.132524695656180518e-03 5.961875194602598085e-03 1.515965252271141671e-02 0.000000000000000000e+00 0.000000000000000000e+00 0.000000000000000000e+00 7.594523800110335350e-03 8.101127206010616186e-03 4.798871691674895246e-01 9.430221889480609743e-03 2.271083132812479199e-02 0.000000000000000000e+00 0.000000000000000000e+00 0.000000000000000000e+00 6.060223156652806177e-03 2.219542075566877451e-02 0.000000000000000000e+00 6.088800279150338030e-02 5.145333960511717236e-03 0.000000000000000000e+00 7.137202190691153449e-03 0.000000000000000000e+00 0.000000000000000000e+00 0.000000000000000000e+00 0.000000000000000000e+00 0.000000000000000000e+00 1.785024369961087098e-02 0.000000000000000000e+00 0.000000000000000000e+00 0.000000000000000000e+00 0.000000000000000000e+00 1.452994327970063074e-02 0.000000000000000000e+00 0.000000000000000000e+00 0.000000000000000000e+00 0.000000000000000000e+00 0.000000000000000000e+00 3.008969045831938471e-02 0.000000000000000000e+00 0.000000000000000000e+00 1.386689061151571978e-02 3.142361144154825481e-01
5.629067805642195936e-03 8.485842182001613818e-03 7.500291365088003308e-03 0.000000000000000000e+00 0.000000000000000000e+00 0.000000000000000000e+00 0.000000000000000000e+00 0.000000000000000000e+00 1.472973383408007937e-02 0.000000000000000000e+00 0.000000000000000000e+00 0.000000000000000000e+00 0.000000000000000000e+00 0.000000000000000000e+00 0.000000000000000000e+00 6.064679882361995004e-03 4.572816437523069544e-02 0.000000000000000000e+00 0.000000000000000000e+00 1.111544111626631623e-02 0.000000000000000000e+00 0.000000000000000000e+00 2.424894223030168716e-01 1.340348475093162788e-02 1.163242677372022631e-02 3.069154201453554165e-02 6.480680104433912854e-03 3.546193811926665052e-02 1.710749526732376416e-02 8.453610143319530146e-03 8.167838946169415568e-03 0.000000000000000000e+00 0.000000000000000000e+00 4.280469800893657584e-02 0.000000000000000000e+00 0.000000000000000000e+00 0.000000000000000000e+00 0.000000000000000000e+00 0.000000000000000000e+00 0.000000000000000000e+00 1.238030705081547521e-02 1.799218513589720403e-02 0.000000000000000000e+00 1.500307955470269253e-02 1.205836173042421251e-02 5.040695194752404726e-03 0.000000000000000000e+00 7.274999510920155017e-03 0.000000000000000000e+00 0.000000000000000000e+00 0.000000000000000000e+00 3.897688532623781038e-02 0.000000000000000000e+00 0.000000000000000000e+00 1.317839166508902662e-02 0.000000000000000000e+00 3.428495696004198179e-02 0.000000000000000000e+00 3.152700174325025889e-02 1.583895612646418483e-01 1.376748401596204763e-01 0.000000000000000000e+00 5.300182543219835937e-03 8.813342246041468500e-03 1.830409238747513628e-02 0.000000000000000000e+00
0.000000000000000000e+00 7.888191189016198479e-02 0.000000000000000000e+00 2.530384663377864204e-02 0.000000000000000000e+00 0.000000000000000000e+00 0.000000000000000000e+00 2.232886258084020720e-02 0.000000000000000000e+00 2.785894598476247319e-01 0.000000000000000000e+00 0.000000000000000000e+00 0.000000000000000000e+00 0.000000000000000000e+00 0.000000000000000000e+00 0.000000000000000000e+00 0.000000000000000000e+00 0.000000000000000000e+00 0.000000000000000000e+00 0.000000000000000000e+00 0.000000000000000000e+00 1.091364730307689546e-01 1.165691844403579126e-02 2.416985941127872406e-01 1.228755278830319202e-02 0.000000000000000000e+00 0.000000000000000000e+00 0.000000000000000000e+00 2.722772737850781208e-02 5.431209099287665973e-03 0.000000000000000000e+00 8.842831320910392312e-02 7.130592580840727779e-03 0.000000000000000000e+00 0.000000000000000000e+00 9.690096652734859692e-03 3.672832951426561326e-02 6.148172250705474969e-03 1.527681800624150314e-02 1.159434837181628000e-02 0.000000000000000000e+00 0.000000000000000000e+00 0.000000000000000000e+00 0.000000000000000000e+00 0.000000000000000000e+00 0.000000000000000000e+00 0.000000000000000000e+00 0.000000000000000000e+00 6.775678958475720055e-03 2.209860271751786301e-02 1.029159760497343548e-02 1.054142198372460398e-02 0.000000000000000000e+00 1.043379305015316658e-02 0.000000000000000000e+00 0.000000000000000000e+00 0.000000000000000000e+00 0.000000000000000000e+00 0.000000000000000000e+00 1.475336881663517064e-01 0.000000000000000000e+00 7.488612512998798348e-03 0.000000000000000000e+00 0.000000000000000000e+00 1.257303757214967704e-02 0.000000000000000000e+00
4.112215938499720613e-02 2.039187814907588228e-02 0.000000000000000000e+00 0.000000000000000000e+00 0.000000000000000000e+00 0.000000000000000000e+00 2.725232220946760195e-02 0.000000000000000000e+00 0.000000000000000000e+00 0.000000000000000000e+00 0.000000000000000000e+00 0.000000000000000000e+00 0.000000000000000000e+00 0.000000000000000000e+00 1.017223893745343791e-02 7.184206068978098679e-03 0.000000000000000000e+00 1.033560181006110551e-01 5.227370617066860736e-02 0.000000000000000000e+00 4.623297027678012483e-02 1.182115397677251101e-02 0.000000000000000000e+00 2.165060652240323458e-02 7.001377128930542926e-02 0.000000000000000000e+00 3.128984065430565759e-02 0.000000000000000000e+00 0.000000000000000000e+00 0.000000000000000000e+00 0.000000000000000000e+00 0.000000000000000000e+00 5.213984130582347519e-03 0.000000000000000000e+00 0.000000000000000000e+00 6.623527204422328604e-03 0.000000000000000000e+00 0.000000000000000000e+00 0.000000000000000000e+00 0.000000000000000000e+00 7.469738946300105709e-02 0.000000000000000000e+00 0.000000000000000000e+00 0.000000000000000000e+00 0.000000000000000000e+00 9.984765771935133483e-03 0.000000000000000000e+00 2.652639420649856306e-02 8.791803873104067288e-03 0.000000000000000000e+00 0.000000000000000000e+00 0.000000000000000000e+00 0.000000000000000000e+00 8.183589488834725964e-03 0.000000000000000000e+00 0.000000000000000000e+00 8.697849801675403697e-03 1.294739606580403157e-01 0.000000000000000000e+00 6.631218679824123219e-02 6.099526350240210004e-02 5.480413190977857611e-03 1.017486707621598034e-02 5.455313996877488372e-03 8.992552649330227965e-02 0.000000000000000000e+00
0.000000000000000000e+00 0.000000000000000000e+00 1.293867188410535891e-02 0.000000000000000000e+00 0.000000000000000000e+00 7.613625588894807651e-03 0.000000000000000000e+00 0.000000000000000000e+00 0.000000000000000000e+00 7.135341061440796800e-03 6.394373053825386059e-03 0.000000000000000000e+00 0.000000000000000000e+00 1.017223893745343791e-02 0.000000000000000000e+00 0.000000000000000000e+00 0.000000000000000000e+00 1.394796910017479241e-01 5.627167340737333073e-03 3.407400565626129973e-02 0.000000000000000000e+00 0.000000000000000000e+00 0.000000000000000000e+00 8.777430643171828251e-02 0.000000000000000000e+00 6.422260907858553906e-03 8.994419501359015093e-03 1.447185444762137327e-02 5.260161957496505870e-03 0.000000000000000000e+00 0.000000000000000000e+00 0.000000000000000000e+00 0.000000000000000000e+00 4.345970576310727307e-02 0.000000000000000000e+00 0.000000000000000000e+00 0.000000000000000000e+00 6.825445288450252695e-03 5.932777857303152269e-03 1.418841944647904023e-02 0.000000000000000000e+00 0.000000000000000000e+00 1.051353938808191786e-02 1.015952738235166401e-02 0.000000000000000000e+00 0.000000000000000000e+00 7.868348628383241283e-02 6.810128523452974036e-03 2.652507732490244075e-01 0.000000000000000000e+00 8.201675474540730260e-02 0.000000000000000000e+00 6.851098814352457773e-03 3.513246675993129259e-02 7.337036332643358076e-03 2.320219387870270031e-02 0.000000000000000000e+00 0.000000000000000000e+00 8.378598815155291479e-03 0.000000000000000000e+00 2.710138136783498894e-02 1.965734575747190849e-01 0.000000000000000000e+00 0.000000000000000000e+00 6.793132787513704585e-02 0.000000000000000000e+00
0.000000000000000000e+00 6.327648509376109821e-03 6.301327530799172294e-02 5.165904827752960601e-03 0.000000000000000000e+00 1.728080893369289550e-02 2.008572933585368869e-02 5.752419351007611800e-03 0.000000000000000000e+00 0.000000000000000000e+00 0.000000000000000000e+00 6.064679882361995004e-03 0.000000000000000000e+00 7.184206068978098679e-03 0.000000000000000000e+00 0.000000000000000000e+00 2.865116297930941219e-02 3.743480996513678244e-02 0.000000000000000000e+00 0.000000000000000000e+00 2.677762466721291326e-02 0.000000000000000000e+00 0.000000000000000000e+00 1.433107140457431060e-02 2.467512674186522759e-02 0.000000000000000000e+00 9.118761561187009590e-03 0.000000000000000000e+00 0.000000000000000000e+00 0.000000000000000000e+00 1.006494104537175235e-02 1.415474317892235004e-02 0.000000000000000000e+00 0.000000000000000000e+00 0.000000000000000000e+00 0.000000000000000000e+00 6.875607664431965770e-03 2.252949436578386561e-02 0.000000000000000000e+00 0.000000000000000000e+00 0.000000000000000000e+00 0.000000000000000000e+00 1.946195481910211258e-02 1.176506382408318632e-02 0.000000000000000000e+00 0.000000000000000000e+00 1.347209735737794900e-01 0.000000000000000000e+00 0.000000000000000000e+00 0.000000000000000000e+00 3.795337852706803100e-02 3.501372723512641977e-02 3.389504819815086084e-02 0.000000000000000000e+00 0.000000000000000000e+00 0.000000000000000000e+00 0.000000000000000000e+00 4.811999650381020011e-02 0.000000000000000000e+00 8.048766417151213479e-03 0.000000000000000000e+00 6.073217488401817798e-03 1.149056175333502544e-01 1.782614407227547590e-02 1.555816598963039553e-02 4.001551333736908661e-02
7.111315966295310431e-02 8.605830756757441510e-03 0.000000000000000000e+00 0.000000000000000000e+00 0.000000000000000000e+00 2.690518250367333053e-01 1.724632462428867669e-02 1.228590482885056484e-02 0.000000000000000000e+00 0.000000000000000000e+00 3.354110884515192070e-02 4.572816437523069544e-02 0.000000000000000000e+00 0.000000000000000000e+00 0.000000000000000000e+00 2.865116297930941219e-02 0.000000000000000000e+00 1.406149915667825601e-01 0.000000000000000000e+00 1.578569102803577609e-02 0.000000000000000000e+00 0.000000000000000000e+00 1.168061753930540458e-01 3.030026461964468315e-02 1.748615540143509672e-02 7.215167659653819177e-03 0.000000000000000000e+00 9.253841543342600229e-02 1.315979627674148181e-02 0.000000000000000000e+00 0.000000000000000000e+00 1.580392524273936325e-02 1.773912302398969465e-02 0.000000000000000000e+00 1.270514925990321939e-02 7.207096647687039927e-03 9.321159362267299187e-02 0.000000000000000000e+00 0.000000000000000000e+00 1.140087668462531068e-01 0.000000000000000000e+00 0.000000000000000000e+00 0.000000000000000000e+00 7.110793500119819491e-03 0.000000000000000000e+00 5.286223807197662494e-03 8.394186183701722592e-02 0.000000000000000000e+00 0.000000000000000000e+00 2.144020771468867215e-02 0.000000000000000000e+00 2.190056554857474497e-02 1.734445733770999601e-02 6.131025386087525682e-03 1.311345824902368680e-02 0.000000000000000000e+00 0.000000000000000000e+00 0.000000000000000000e+00 3.111088162921152311e-02 4.267591707194975936e-02 7.501214023439750980e-03 0.000000000000000000e+00 0.000000000000000000e+00 0.000000000000000000e+00 1.412341799192956375e-02 7.864639484683228973e-03
6.389190087537952034e-03 0.000000000000000000e+00 1.361511956250253397e-01 0.000000000000000000e+00 5.776306792879393366e-03 2.874948715995912646e-02 5.070265557401959673e-03 0.000000000000000000e+00 0.000000000000000000e+00 0.000000000000000000e+00 3.351755216115127195e-02 0.000000000000000000e+00 0.000000000000000000e+00 1.033560181006110551e-01 1.394796910017479241e-01 3.743480996513678244e-02 1.406149915667825601e-01 0.000000000000000000e+00 5.406372011581154872e-03 0.000000000000000000e+00 5.422308464479319405e-03 1.073245390570105179e-02 4.152628480822515566e-01 2.175002236030929709e-02 0.000000000000000000e+00 3.512469320799446043e-02 0.000000000000000000e+00 2.611158336622142473e-01 0.000000000000000000e+00 1.446881480213472841e-02 0.000000000000000000e+00 2.294320569194720216e-02 5.906314665527257618e-03 7.749240502508822868e-03 5.556128213261930272e-03 1.896609773099888069e-02 0.000000000000000000e+00 2.243514878719781586e-02 0.000000000000000000e+00 2.873908808700503109e-02 5.474363702897127107e-03 6.218756666824191287e-02 1.559575815510378001e-02 1.053402481049299858e-02 4.032897806332555457e-02 0.000000000000000000e+00 8.662054791903763679e-03 1.041947652651683924e-02 8.535664204138320929e-03 5.701686491358226756e-03 0.000000000000000000e+00 0.000000000000000000e+00 0.000000000000000000e+00 9.719352361055534975e-03 5.735110942368247533e-03 0.000000000000000000e+00 1.136507806418561757e-02 0.000000000000000000e+00 0.000000000000000000e+00 2.966427613918005135e-01 6.753271846559875079e-03 0.000000000000000000e+00 0.000000000000000000e+00 8.643980430836643858e-02 8.118679325193078888e-02 0.000000000000000000e+00
0.000000000000000000e+00 4.228681215673468774e-01 0.000000000000000000e+00 1.175095814318278045e-02 1.413066344995383104e-02 7.759385992695925181e-03 5.383644317301513986e-03 1.105009814773675048e-01 0.000000000000000000e+00 3.748176828746999784e-02 0.000000000000000000e+00 0.000000000000000000e+00 0.000000000000000000e+00 5.227370617066860736e-02 5.627167340737333073e-03 0.000000000000000000e+00 0.000000000000000000e+00 5.406372011581154872e-03 0.000000000000000000e+00 0.000000000000000000e+00 0.000000000000000000e+00 9.158691690968138663e-03 0.000000000000000000e+00 0.000000000000000000e+00 0.000000000000000000e+00 1.797334877415959764e-02 0.000000000000000000e+00 1.024279792791778776e-01 0.000000000000000000e+00 0.000000000000000000e+00 1.266597524675773002e-02 0.000000000000000000e+00 3.233585056782022904e-01 0.000000000000000000e+00 8.352096775560152384e-03 1.665905364579220796e-02 0.000000000000000000e+00 5.624874536441923367e-02 0.000000000000000000e+00 0.000000000000000000e+00 1.270017528877718516e-01 1.335980039509981725e-02 2.806093714382282972e-02 0.000000000000000000e+00 8.350348559288654077e-03 0.000000000000000000e+00 6.487899680255807509e-03 6.152817320360386318e-03 0.000000000000000000e+00 6.416299014992316724e-03 1.203347986523594787e-01 0.000000000000000000e+00 0.000000000000000000e+00 0.000000000000000000e+00 9.417838902973476797e-03 0.000000000000000000e+00 0.000000000000000000e+00 1.586197494764556362e-02 0.000000000000000000e+00 5.522871770222213123e-02 0.000000000000000000e+00 0.000000000000000000e+00 0.000000000000000000e+00 0.000000000000000000e+00 9.404306177855968965e-03 8.163030005126815578e-03
5.579699079158505735e-03 0.000000000000000000e+00 0.000000000000000000e+00 4.330911893519546196e-01 0.000000000000000000e+00 0.000000000000000000e+00 0.000000000000000000e+00 8.147727849855226565e-03 8.304772759747820407e-03 0.000000000000000000e+00 2.947154690467011090e-02 1.111544111626631623e-02 0.000000000000000000e+00 0.000000000000000000e+00 3.407400565626129973e-02 0.000000000000000000e+00 1.578569102803577609e-02 0.000000000000000000e+00 0.000000000000000000e+00 0.000000000000000000e+00 8.636182504698455831e-03 3.133832272926809909e-02 7.363456666686263481e-03 0.000000000000000000e+00 0.000000000000000000e+00 0.000000000000000000e+00 5.426723747422223555e-03 3.138065333080292119e-02 2.220929100938009645e-02 0.000000000000000000e+00 1.927907393735397990e-01 0.000000000000000000e+00 0.000000000000000000e+00 9.662808940495025423e-02 0.000000000000000000e+00 1.629278216747189270e-02 0.000000000000000000e+00 0.000000000000000000e+00 6.033764564388082764e-03 0.000000000000000000e+00 4.500049645364405382e-02 6.560440536022076399e-03 0.000000000000000000e+00 5.198571497453193142e-03 1.894412874989299597e-02 0.000000000000000000e+00 0.000000000000000000e+00 7.373231270868398947e-03 6.462006723199274077e-03 1.281583685657162464e-01 2.118777520483905788e-02 8.444596023745211053e-03 5.158199150577951614e-03 0.000000000000000000e+00 0.000000000000000000e+00 0.000000000000000000e+00 2.416478689161424484e-02 9.026885927821469077e-03 0.000000000000000000e+00 0.000000000000000000e+00 0.000000000000000000e+00 0.000000000000000000e+00 0.000000000000000000e+00 1.442614647608931322e-01 0.000000000000000000e+00 5.445995674290048626e-03
0.000000000000000000e+00 9.875378334882642384e-02 4.011790948913478150e-02 0.000000000000000000e+00 0.000000000000000000e+00 0.000000000000000000e+00 0.000000000000000000e+00 6.124487543344909503e-03 0.000000000000000000e+00 1.398259896327067563e-02 1.912419150854965250e-02 0.000000000000000000e+00 0.000000000000000000e+00 4.623297027678012483e-02 0.000000000000000000e+00 2.677762466721291326e-02 0.000000000000000000e+00 5.422308464479319405e-03 0.000000000000000000e+00 8.636182504698455831e-03 0.000000000000000000e+00 1.679406487552347754e-02 7.290183464002306622e-03 5.489024695117173357e-03 0.000000000000000000e+00 1.149831611687374827e-01 0.000000000000000000e+00 4.280563866789831307e-02 0.000000000000000000e+00 1.028533184691081924e-02 5.828203572227118323e-02 7.661097364831895989e-03 9.015321033514275828e-02 1.514743266992060571e-02 1.771555581769774027e-02 0.000000000000000000e+00 7.304937582877238725e-03 2.778371361598798162e-01 0.000000000000000000e+00 0.000000000000000000e+00 1.602118568326499348e-01 0.000000000000000000e+00 5.102829288290013955e-03 5.556748557528370068e-03 0.000000000000000000e+00 5.170359221964106189e-03 1.126938585118291043e-02 2.218868374931839971e-01 0.000000000000000000e+00 0.000000000000000000e+00 0.000000000000000000e+00 0.000000000000000000e+00 7.886808348014221967e-03 0.000000000000000000e+00 8.707475969269710958e-02 1.095080187068356303e-02 1.185669203670955685e-01 0.000000000000000000e+00 0.000000000000000000e+00 3.894850238715658747e-02 0.000000000000000000e+00 9.393426520057791829e-03 2.738280377017847031e-02 1.072108663573707182e-02 8.773379678168866103e-03 2.364694500100008798e-02
1.314978415311517101e-01 0.000000000000000000e+00 0.000000000000000000e+00 0.000000000000000000e+00 2.815921394061999400e-02 0.000000000000000000e+00 9.595060819363170068e-03 1.866776853019476157e-01 2.614621774341144289e-01 1.976570642275971360e-02 1.884600687124162594e-02 0.000000000000000000e+00 1.091364730307689546e-01 1.182115397677251101e-02 0.000000000000000000e+00 0.000000000000000000e+00 0.000000000000000000e+00 1.073245390570105179e-02 9.158691690968138663e-03 3.133832272926809909e-02 1.679406487552347754e-02 0.000000000000000000e+00 0.000000000000000000e+00 0.000000000000000000e+00 8.766037380297259790e-03 2.685244900546092037e-02 0.000000000000000000e+00 0.000000000000000000e+00 0.000000000000000000e+00 3.035114821177097369e-02 6.424766453757546625e-02 2.240217420495214593e-02 9.230282219035830515e-03 0.000000000000000000e+00 0.000000000000000000e+00 0.000000000000000000e+00 0.000000000000000000e+00 1.719903760785112742e-02 0.000000000000000000e+00 1.187077402545293550e-02 1.472178623954498999e-01 1.633373772174108174e-01 0.000000000000000000e+00 0.000000000000000000e+00 6.012551898245573068e-03 1.467986695251747610e-02 5.720235675510586433e-03 0.000000000000000000e+00 0.000000000000000000e+00 0.000000000000000000e+00 2.499108772313601012e-01 2.218294157349100931e-02 0.000000000000000000e+00 8.223539099645344255e-03 0.000000000000000000e+00 0.000000000000000000e+00 0.000000000000000000e+00 2.707043360219669667e-02 6.028489758728579687e-03 1.020870477302135253e-02 2.189149104798233936e-02 4.709133712623951584e-02 7.692464608621060219e-03 3.191493265444118876e-02 0.000000000000000000e+00 1.506987107802595753e-02
5.521886449380878498e-02 0.000000000000000000e+00 1.816820494272409214e-01 1.170549614890751544e-01 2.111678406975169286e-01 0.000000000000000000e+00 1.452177867262043585e-02 4.837958464131142944e-01 3.625473255926654759e-02 0.000000000000000000e+00 0.000000000000000000e+00 2.424894223030168716e-01 1.165691844403579126e-02 0.000000000000000000e+00 0.000000000000000000e+00 0.000000000000000000e+00 1.168061753930540458e-01 4.152628480822515566e-01 0.000000000000000000e+00 7.363456666686263481e-03 7.290183464002306622e-03 0.000000000000000000e+00 0.000000000000000000e+00 9.515969379010011733e-03 1.214811912682078020e-02 7.842761510510417103e-03 6.315144891234257367e-03 0.000000000000000000e+00 0.000000000000000000e+00 0.000000000000000000e+00 0.000000000000000000e+00 0.000000000000000000e+00 3.973701177237417420e-02 0.000000000000000000e+00 0.000000000000000000e+00 5.511482936448224360e-03 0.000000000000000000e+00 0.000000000000000000e+00 8.510330624248449785e-03 0.000000000000000000e+00 2.493230472821238997e-01 0.000000000000000000e+00 0.000000000000000000e+00 0.000000000000000000e+00 5.980631227622271000e-03 5.938660136865390668e-03 5.294314883797112542e-02 5.655998283508267832e-03 5.254738259304674204e-03 2.292813327169243021e-01 0.000000000000000000e+00 1.028932675276707752e-02 0.000000000000000000e+00 0.000000000000000000e+00 9.467064470886861483e-03 0.000000000000000000e+00 6.820072229629614742e-03 1.344547382633048613e-02 5.504205737379924343e-03 1.265305300871404602e-02 0.000000000000000000e+00 0.000000000000000000e+00 0.000000000000000000e+00 0.000000000000000000e+00 1.165323727134216260e-02 0.000000000000000000e+00
0.000000000000000000e+00 6.123725079427055906e-02 2.247655594355052119e-02 0.000000000000000000e+00 0.000000000000000000e+00 8.869624433604917160e-03 5.546131998774866782e-03 1.818072137476734185e-01 3.596710409239478601e-02 6.367776507865059374e-03 0.000000000000000000e+00 1.340348475093162788e-02 2.416985941127872406e-01 2.165060652240323458e-02 8.777430643171828251e-02 1.433107140457431060e-02 3.030026461964468315e-02 2.175002236030929709e-02 0.000000000000000000e+00 0.000000000000000000e+00 5.489024695117173357e-03 0.000000000000000000e+00 9.515969379010011733e-03 0.000000000000000000e+00 0.000000000000000000e+00 0.000000000000000000e+00 0.000000000000000000e+00 0.000000000000000000e+00 0.000000000000000000e+00 1.518820781624656904e-02 0.000000000000000000e+00 0.000000000000000000e+00 9.771707030207074651e-02 0.000000000000000000e+00 0.000000000000000000e+00 2.250553131101884138e-02 5.411703133600962237e-03 0.000000000000000000e+00 0.000000000000000000e+00 1.348582235717536888e-02 0.000000000000000000e+00 2.130178872607360954e-02 6.145503998629166416e-03 6.761453512920453934e-02 0.000000000000000000e+00 0.000000000000000000e+00 7.722472398349662474e-03 8.012735881341371408e-03 0.000000000000000000e+00 0.000000000000000000e+00 2.378803737555235664e-01 0.000000000000000000e+00 0.000000000000000000e+00 0.000000000000000000e+00 5.837567607782668047e-03 0.000000000000000000e+00 0.000000000000000000e+00 8.548628210830327978e-02 0.000000000000000000e+00 9.704165325365214645e-02 5.610481142151792569e-03 0.000000000000000000e+00 0.000000000000000000e+00 0.000000000000000000e+00 1.202286944178461853e-01 0.000000000000000000e+00
