0.000000000000000000e+00 2.624976827452126654e-02 2.574904549257612391e-02 9.753437419570840095e-03 5.140539773932779367e-03 6.503904030545883119e-02 4.432843637561001415e-01 8.650659395221976800e-02 4.493793036012173892e-02 5.472991089781226691e-03 0.000000000000000000e+00 1.179552656020501356e-01 5.954862460454676994e-03 0.000000000000000000e+00 1.488683915975047845e-01 0.000000000000000000e+00 4.953237875168037957e-02 5.707814662884855804e-03 0.000000000000000000e+00 0.000000000000000000e+00 7.128312798117276625e-03 0.000000000000000000e+00 5.246524287217250657e-03 5.621284078767748230e-03 3.014230393297877564e-01 6.106326030380997659e-03 8.917434237518836321e-03 0.000000000000000000e+00 5.505640277640885989e-03 0.000000000000000000e+00 0.000000000000000000e+00 3.335820630085197802e-01 1.342633527103431063e-02 5.606732638711917245e-03 6.190911839569390035e-03 0.000000000000000000e+00 0.000000000000000000e+00 0.000000000000000000e+00 0.000000000000000000e+00 7.295908963841947481e-03 0.000000000000000000e+00 0.000000000000000000e+00 0.000000000000000000e+00 1.237724744490927703e-02 0.000000000000000000e+00 0.000000000000000000e+00 0.000000000000000000e+00 4.559018377582559067e-02 1.160064158701950773e-02 0.000000000000000000e+00 0.000000000000000000e+00 0.000000000000000000e+00 1.185962312231383584e-02 0.000000000000000000e+00 6.886316380453419428e-02 0.000000000000000000e+00 6.528285381285558672e-03 1.794863062361607975e-01 1.696457813368927592e-02 1.025789759409388366e-02 5.220340716072623469e-03 2.635450023858967525e-02 8.732114811512797781e-02 3.692936395808090605e-02 1.263963644998943037e-01 1.337162533535784029e-02
2.624976827452126654e-02 0.000000000000000000e+00 1.088163249280354149e-02 7.102763099442695183e-03 7.104928316835470992e-03 4.652395137926939456e-02 2.363613346679475230e-02 2.611017719704949308e-02 0.000000000000000000e+00 1.669755052594026207e-02 0.000000000000000000e+00 9.087592682989380222e-02 1.216469818376484692e-02 0.000000000000000000e+00 0.000000000000000000e+00 3.011045316253220874e-02 0.000000000000000000e+00 1.863123562084814319e-02 8.603897868972540733e-03 5.199755930080283105e-03 0.000000000000000000e+00 8.854140214178844726e-03 1.666714451687544354e-02 6.597882429727017217e-03 8.757444179076510210e-03 0.000000000000000000e+00 0.000000000000000000e+00 0.000000000000000000e+00 0.000000000000000000e+00 9.916676536165276376e-03 1.836931299618991750e-02 3.203771599106173817e-01 5.870775145517939664e-02 4.098953498871166917e-02 1.237526547599503562e-01 1.727498884830488968e-02 5.122555349358169988e-03 0.000000000000000000e+00 0.000000000000000000e+00 0.000000000000000000e+00 0.000000000000000000e+00 0.000000000000000000e+00 8.271018225274394398e-02 9.285808688848200265e-03 0.000000000000000000e+00 0.000000000000000000e+00 0.000000000000000000e+00 2.321457353100998475e-02 6.438071698469546161e-03 7.072791689236158745e-03 0.000000000000000000e+00 0.000000000000000000e+00 5.932558514829912311e-02 0.000000000000000000e+00 1.188796163355910068e-01 5.252143091078380344e-02 8.814856593794074061e-03 1.362721136561429736e-01 7.079645705174447690e-02 5.085493847609606592e-03 2.914423661367369911e-02 1.811811770188385615e-02 0.000000000000000000e+00 1.243266598657494400e-02 1.076305857362633289e-02 3.862106921086382039e-02
2.574904549257612391e-02 1.088163249280354149e-02 0.000000000000000000e+00 1.413566780926151477e-02 1.644239616059712736e-02 4.141322516761371947e-02 3.197392575237000684e-02 4.702356209801156206e-02 7.623690186098167065e-02 1.653023400508135954e-01 7.443352703649068480e-02 0.000000000000000000e+00 0.000000000000000000e+00 2.280554949031669137e-02 0.000000000000000000e+00 0.000000000000000000e+00 1.182451023639076101e-02 1.200348734489327558e-02 8.432676764621227505e-03 0.000000000000000000e+00 5.097550439295961758e-03 0.000000000000000000e+00 0.000000000000000000e+00 7.465016009917635476e-02 1.289605167280793996e-02 3.371100087149638685e-02 0.000000000000000000e+00 0.000000000000000000e+00 3.099356506705717995e-02 1.560703849824101458e-02 0.000000000000000000e+00 7.619783038390131116e-03 9.341572290787353294e-02 1.727340878705366581e-02 6.387851709897694741e-02 9.455182998920024298e-03 0.000000000000000000e+00 0.000000000000000000e+00 7.001646734350479989e-03 3.818248165026814217e-02 7.866302960925676199e-03 2.190030634823566386e-02 1.482231144864823713e-01 1.902344897546477329e-02 5.606524906569808689e-03 0.000000000000000000e+00 0.000000000000000000e+00 6.906108791681630187e-03 0.000000000000000000e+00 0.000000000000000000e+00 1.021143954430710904e-02 0.000000000000000000e+00 0.000000000000000000e+00 1.802656528620860329e-02 2.782046717983466255e-01 2.793682530342858281e-02 3.057442618408980420e-02 2.425636857616158409e-02 2.494924601055195923e-01 0.000000000000000000e+00 1.418587235391341982e-02 7.469214237874757280e-03 3.904011673623089540e-02 1.727987342680213992e-02 3.747750931799707225e-02 9.453630801949783682e-03
9.753437419570840095e-03 7.102763099442695183e-03 1.413566780926151477e-02 0.000000000000000000e+00 9.134232951698545433e-03 0.000000000000000000e+00 3.233131066551521438e-02 7.341395073815164263e-02 0.000000000000000000e+00 0.000000000000000000e+00 0.000000000000000000e+00 5.051505663290991113e-03 5.264052737583213570e-02 5.528296583136353692e-03 2.188872089149902778e-02 7.616899621796470107e-03 6.770993027841469905e-03 0.000000000000000000e+00 6.323608155491059792e-03 0.000000000000000000e+00 0.000000000000000000e+00 5.515069594491769228e-03 0.000000000000000000e+00 0.000000000000000000e+00 2.469954022008752914e-01 8.827122110098173380e-02 0.000000000000000000e+00 0.000000000000000000e+00 0.000000000000000000e+00 0.000000000000000000e+00 0.000000000000000000e+00 2.040150359019105714e-02 2.878409187714031647e-02 1.863983100688897665e-01 8.110623733753553888e-02 7.290637383956239184e-03 2.306489913283411852e-02 4.038420649047579081e-02 0.000000000000000000e+00 2.534918425641283224e-01 0.000000000000000000e+00 0.000000000000000000e+00 2.417028842504351585e-02 7.634080225210599854e-03 1.535544154121244731e-02 3.094300830226285812e-02 0.000000000000000000e+00 0.000000000000000000e+00 9.931480458813804132e-03 6.279970421343354474e-03 0.000000000000000000e+00 0.000000000000000000e+00 0.000000000000000000e+00 7.420705333357724767e-03 0.000000000000000000e+00 8.589111686927056871e-03 9.720370774371087097e-03 0.000000000000000000e+00 5.121597592161868454e-03 5.177499412206411702e-03 0.000000000000000000e+00 6.898754461626734058e-02 1.941584355836596665e-01 0.000000000000000000e+00 8.136733997905411242e-02 0.000000000000000000e+00
5.140539773932779367e-03 7.104928316835470992e-03 1.644239616059712736e-02 9.134232951698545433e-03 0.000000000000000000e+00 1.987420900717196681e-01 2.706042654115347473e-02 7.913441350955854880e-03 5.128297012902740051e-03 0.000000000000000000e+00 5.137532385171419275e-03 7.101644370606895705e-03 5.201553946184784422e-03 3.242146424902146717e-02 0.000000000000000000e+00 0.000000000000000000e+00 0.000000000000000000e+00 0.000000000000000000e+00 6.280011574208216318e-02 0.000000000000000000e+00 3.022764735953075224e-02 0.000000000000000000e+00 0.000000000000000000e+00 0.000000000000000000e+00 1.366404121003370054e-01 1.136988722214387314e-02 7.591764154118542558e-03 5.066552299659249359e-02 6.779608248279760108e-02 0.000000000000000000e+00 6.577125848107261141e-02 0.000000000000000000e+00 0.000000000000000000e+00 9.603725066391137488e-02 2.545836671135311494e-02 7.124775578151471001e-03 0.000000000000000000e+00 3.921481566280287517e-02 6.454688616201276728e-03 0.000000000000000000e+00 9.037135318705509859e-03 5.210289385485846261e-03 0.000000000000000000e+00 0.000000000000000000e+00 1.367790355441035888e-01 1.538455666614423067e-02 7.443506329540783457e-03 0.000000000000000000e+00 0.000000000000000000e+00 1.012874095625030876e-02 5.401284494442254447e-02 5.427018730617110681e-03 5.353187531496488884e-03 1.654493188391249064e-02 7.437639182945433337e-03 2.395853404918603935e-01 0.000000000000000000e+00 3.616030829076209707e-02 7.588512602820611519e-03 7.086521916724634884e-02 7.834047915039026033e-02 1.318983756193453649e-02 5.293962823267112788e-02 6.228970794114779483e-03 2.523190451372442009e-02 2.412313367750652804e-02
6.503904030545883119e-02 4.652395137926939456e-02 4.141322516761371947e-02 0.000000000000000000e+00 1.987420900717196681e-01 0.000000000000000000e+00 5.652361582434516779e-02 6.121368894907742823e-03 0.000000000000000000e+00 0.000000000000000000e+00 0.000000000000000000e+00 6.812869496347473582e-03 2.538437565418097744e-02 0.000000000000000000e+00 0.000000000000000000e+00 2.402578219266542775e-02 2.784481536027123005e-01 6.585254297671397535e-03 6.825845679253338127e-03 2.274322745598821027e-02 1.694886517150749616e-01 2.726676462986513672e-01 9.394649192172093918e-03 8.714831998219167708e-02 8.470249819406834926e-03 0.000000000000000000e+00 1.518936298576869723e-02 0.000000000000000000e+00 1.758297183624919768e-01 0.000000000000000000e+00 0.000000000000000000e+00 1.151676480201918422e-02 4.116606145569433328e-02 2.748621133421149873e-02 5.230089495213374913e-03 8.666735989069014254e-03 6.279587755342497246e-02 0.000000000000000000e+00 5.355680871649911787e-03 0.000000000000000000e+00 1.443474312200814513e-01 1.115173937868745198e-02 3.224352193402021394e-01 0.000000000000000000e+00 5.158934660865739652e-02 0.000000000000000000e+00 0.000000000000000000e+00 1.163874694044918362e-01 5.774004575706501857e-02 5.067075906150092339e-03 0.000000000000000000e+00 0.000000000000000000e+00 0.000000000000000000e+00 5.151478838399090737e-03 1.259222767014660238e-01 5.510689353419584435e-03 1.301228849487234655e-02 0.000000000000000000e+00 7.680978446117876779e-03 1.948247407415067134e-02 0.000000000000000000e+00 0.000000000000000000e+00 5.612865731087818624e-03 5.182252836339945601e-02 8.420070523578015997e-03 0.000000000000000000e+00
4.432843637561001415e-01 2.363613346679475230e-02 3.197392575237000684e-02 3.233131066551521438e-02 2.706042654115347473e-02 5.652361582434516779e-02 0.000000000000000000e+00 1.070910898358392281e-02 1.908949047959076703e-02 0.000000000000000000e+00 0.000000000000000000e+00 1.292032725747209974e-02 5.407311387065179276e-02 6.983091727477414544e-03 7.045718803142783648e-02 5.894595298223783211e-03 0.000000000000000000e+00 0.000000000000000000e+00 0.000000000000000000e+00 0.000000000000000000e+00 4.017534545044092187e-02 1.295541901413414798e-02 1.150067302772629640e-01 0.000000000000000000e+00 0.000000000000000000e+00 8.830756287101450275e-02 0.000000000000000000e+00 0.000000000000000000e+00 0.000000000000000000e+00 0.000000000000000000e+00 0.000000000000000000e+00 0.000000000000000000e+00 0.000000000000000000e+00 7.134226158904150017e-02 0.000000000000000000e+00 0.000000000000000000e+00 2.329606711948360373e-02 9.748362098018563751e-03 1.046769248299440729e-02 5.771659853421321623e-02 6.306103343784882909e-03 1.102038073343186361e-02 0.000000000000000000e+00 0.000000000000000000e+00 0.000000000000000000e+00 9.177470415839317913e-03 0.000000000000000000e+00 0.000000000000000000e+00 9.618739813895393898e-02 1.037582907454366772e-02 3.129159495675927494e-02 0.000000000000000000e+00 0.000000000000000000e+00 0.000000000000000000e+00 0.000000000000000000e+00 3.608240971613529968e-02 1.055062436794606817e-01 0.000000000000000000e+00 1.248082136197193638e-02 3.808939604322636452e-02 6.304048816314595377e-03 9.118346424058255961e-02 0.000000000000000000e+00 6.987215421279570869e-03 7.085397244472514504e-03 3.645456719896972980e-02
8.650659395221976800e-02 2.611017719704949308e-02 4.702356209801156206e-02 7.341395073815164263e-02 7.913441350955854880e-03 6.121368894907742823e-03 1.070910898358392281e-02 0.000000000000000000e+00 0.000000000000000000e+00 6.664732322860800195e-03 0.000000000000000000e+00 5.633284113300519695e-03 0.000000000000000000e+00 1.243194387075786250e-02 2.893706033375253311e-02 1.000288497701955354e-01 1.467492888193265912e-02 0.000000000000000000e+00 2.802960288154964300e-02 9.594014623604237360e-03 1.281738662641935741e-02 6.554440476977698576e-03 0.000000000000000000e+00 2.013028980714168248e-02 9.437295298943087357e-03 2.221604964149082734e-02 0.000000000000000000e+00 3.331225781533137670e-02 0.000000000000000000e+00 0.000000000000000000e+00 5.167839750377617274e-03 0.000000000000000000e+00 6.723739225880722391e-03 0.000000000000000000e+00 0.000000000000000000e+00 2.531434313319625221e-02 0.000000000000000000e+00 5.066820465369561988e-03 8.624623845931512003e-03 9.031425758892965006e-03 2.667264769317598608e-02 6.183429648764495086e-03 1.584836899179398531e-02 1.198691648350993892e-02 0.000000000000000000e+00 2.170481661507102367e-02 2.050030382372039148e-02 0.000000000000000000e+00 0.000000000000000000e+00 0.000000000000000000e+00 0.000000000000000000e+00 0.000000000000000000e+00 1.959271785564109802e-01 1.127819562896674732e-01 0.000000000000000000e+00 4.491494889170993127e-02 0.000000000000000000e+00 0.000000000000000000e+00 5.349875144304280794e-03 0.000000000000000000e+00 7.715753462206140223e-03 6.986040508712243122e-03 7.282347520684550810e-03 0.000000000000000000e+00 1.143658769021229094e-01 8.606850548466417339e-03
4.493793036012173892e-02 0.000000000000000000e+00 7.623690186098167065e-02 0.000000000000000000e+00 5.128297012902740051e-03 0.000000000000000000e+00 1.908949047959076703e-02 0.000000000000000000e+00 0.000000000000000000e+00 2.851020860489164935e-02 5.164738712128808494e-03 6.037173226719275143e-02 4.755914353835832137e-02 1.737404444646692761e-02 2.125805273992574518e-02 3.452940916059226706e-01 3.073664105284917847e-01 6.890853615983169589e-03 0.000000000000000000e+00 2.747054592309184848e-02 3.910668141210824067e-02 2.597612599625941099e-02 5.555709773069678059e-02 9.335653825887139240e-03 0.000000000000000000e+00 9.962488410200812800e-03 0.000000000000000000e+00 3.572350344095621966e-02 4.802047826834000832e-02 0.000000000000000000e+00 5.377840516085623072e-03 6.218149145333000914e-03 0.000000000000000000e+00 0.000000000000000000e+00 2.480174395333103188e-01 9.133753142010014869e-02 5.247688051537195870e-03 0.000000000000000000e+00 0.000000000000000000e+00 8.986138317598351549e-03 3.985452793450047076e-02 0.000000000000000000e+00 0.000000000000000000e+00 7.771111524621845783e-03 1.562788066323747907e-02 5.478754698190892169e-02 8.008583161747677426e-03 3.640694657673896467e-02 1.119915514550099828e-01 0.000000000000000000e+00 7.083526894277217961e-03 1.019836624557542842e-02 1.126653417413700856e-02 0.000000000000000000e+00 0.000000000000000000e+00 0.000000000000000000e+00 0.000000000000000000e+00 2.677080281330121436e-02 0.000000000000000000e+00 1.505236056885022808e-02 0.000000000000000000e+00 2.112523950811569587e-02 3.474370241479322191e-02 0.000000000000000000e+00 2.757347233893036459e-02 9.170930864278468986e-03
5.472991089781226691e-03 1.669755052594026207e-02 1.653023400508135954e-01 0.000000000000000000e+00 0.000000000000000000e+00 0.000000000000000000e+00 0.000000000000000000e+00 6.664732322860800195e-03 2.851020860489164935e-02 0.000000000000000000e+00 2.018629316234595364e-02 5.661519114555959610e-03 3.474729055489232665e-02 5.436795967872089241e-02 1.266139210765012714e-02 5.312496849199561250e-02 0.000000000000000000e+00 2.032850741142895601e-02 4.362800040871512297e-01 3.264033489632280072e-02 6.888474959846041523e-02 1.985111185438928616e-01 1.341371614972295366e-02 1.873829253191018340e-01 1.568104441232020044e-02 0.000000000000000000e+00 6.331352530653994171e-02 4.884482898451811828e-01 0.000000000000000000e+00 7.019583881228872238e-03 1.848110017921356929e-01 1.896876939430678158e-02 0.000000000000000000e+00 0.000000000000000000e+00 0.000000000000000000e+00 0.000000000000000000e+00 0.000000000000000000e+00 0.000000000000000000e+00 2.294502079686144558e-01 0.000000000000000000e+00 6.584956071696493676e-03 1.870241290220069352e-01 3.476460900469149212e-02 5.101352421529996642e-03 1.451689815624660485e-01 9.561851967520906825e-03 6.496467351288758019e-02 5.171096724606910958e-03 0.000000000000000000e+00 0.000000000000000000e+00 0.000000000000000000e+00 0.000000000000000000e+00 1.726843581834615685e-02 0.000000000000000000e+00 0.000000000000000000e+00 2.450055837199456021e-01 6.047645842781791334e-03 8.376448915986892119e-03 0.000000000000000000e+00 2.686918547270411226e-02 9.111843250262090244e-03 4.837120299557382680e-02 0.000000000000000000e+00 0.000000000000000000e+00 1.195855446903141932e-02 4.774215946817440825e-02
0.000000000000000000e+00 0.000000000000000000e+00 7.443352703649068480e-02 0.000000000000000000e+00 5.137532385171419275e-03 0.000000000000000000e+00 0.000000000000000000e+00 0.000000000000000000e+00 5.164738712128808494e-03 2.018629316234595364e-02 0.000000000000000000e+00 0.000000000000000000e+00 2.929479048459197182e-02 6.116741501219044759e-03 3.544032556950802576e-02 1.509150939297543570e-01 1.601094904564934196e-01 2.709442633665973266e-01 0.000000000000000000e+00 1.631057549797931827e-02 9.710658515304977992e-03 5.407565010763686411e-03 5.839138329501017410e-02 7.283625582489510787e-03 0.000000000000000000e+00 0.000000000000000000e+00 5.314106673750190052e-02 5.764102626940750818e-02 0.000000000000000000e+00 0.000000000000000000e+00 3.691926492832332124e-02 0.000000000000000000e+00 0.000000000000000000e+00 0.000000000000000000e+00 1.144981353316848992e-02 0.000000000000000000e+00 0.000000000000000000e+00 2.405640173521858896e-02 0.000000000000000000e+00 2.568786878843125621e-01 0.000000000000000000e+00 5.545457446745808046e-03 1.724567896874375922e-02 2.388457918814696629e-02 0.000000000000000000e+00 0.000000000000000000e+00 0.000000000000000000e+00 0.000000000000000000e+00 8.209244382844489707e-03 0.000000000000000000e+00 0.000000000000000000e+00 0.000000000000000000e+00 2.499866279530970140e-02 2.143008518637689042e-01 0.000000000000000000e+00 1.528513444918016412e-02 0.000000000000000000e+00 0.000000000000000000e+00 1.269992635891455807e-02 0.000000000000000000e+00 0.000000000000000000e+00 0.000000000000000000e+00 7.899697746311263452e-03 5.513631863738419070e-03 4.287659555475468315e-02 5.884383479541770851e-03
1.179552656020501356e-01 9.087592682989380222e-02 0.000000000000000000e+00 5.051505663290991113e-03 7.101644370606895705e-03 6.812869496347473582e-03 1.292032725747209974e-02 5.633284113300519695e-03 6.037173226719275143e-02 5.661519114555959610e-03 0.000000000000000000e+00 0.000000000000000000e+00 2.570371453482445112e-01 4.800197473230823769e-02 0.000000000000000000e+00 7.527545301376349293e-03 2.492897387302391715e-02 1.795703073911895237e-02 0.000000000000000000e+00 0.000000000000000000e+00 7.233660311015618904e-02 0.000000000000000000e+00 1.967869896692871767e-01 6.967753233481950928e-03 2.360443980588861762e-02 0.000000000000000000e+00 0.000000000000000000e+00 4.645783221890485010e-02 5.564417357458386129e-03 1.302379071590334218e-02 0.000000000000000000e+00 0.000000000000000000e+00 2.268884244632428382e-02 1.286406444381939240e-01 6.516158101245283184e-03 0.000000000000000000e+00 1.527772965683791076e-02 1.820569935211190649e-01 8.809206144514180117e-03 0.000000000000000000e+00 0.000000000000000000e+00 5.127992448556590796e-03 0.000000000000000000e+00 1.345871444278559648e-02 0.000000000000000000e+00 1.487963838647963014e-02 6.284902327089339318e-03 0.000000000000000000e+00 0.000000000000000000e+00 1.149131323004770333e-01 9.342062428936941457e-03 9.421406177411511054e-03 0.000000000000000000e+00 7.070563038013130165e-03 1.327408684369841552e-01 0.000000000000000000e+00 1.288832901725132755e-02 5.794966101379203996e-03 1.881907868275387863e-01 1.248318817117879606e-02 3.846999985077027145e-02 9.844741516075199150e-02 1.494295260450371754e-01 1.142522684787323183e-02 5.701799230419262246e-03 0.000000000000000000e+00
5.954862460454676994e-03 1.216469818376484692e-02 0.000000000000000000e+00 5.264052737583213570e-02 5.201553946184784422e-03 2.538437565418097744e-02 5.407311387065179276e-02 0.000000000000000000e+00 4.755914353835832137e-02 3.474729055489232665e-02 2.929479048459197182e-02 2.570371453482445112e-01 0.000000000000000000e+00 6.102904716745904956e-03 4.497141328465840970e-02 5.265244136175353806e-02 2.005296294477954822e-01 0.000000000000000000e+00 7.180817222591078311e-03 1.638043358299378846e-02 0.000000000000000000e+00 1.658786653915381507e-02 2.349096766031480085e-02 0.000000000000000000e+00 1.507584112699645283e-02 8.494301039049060101e-03 1.558645061139263266e-02 1.163917044997386102e-02 0.000000000000000000e+00 1.029748444514724109e-02 1.551555681942504705e-01 0.000000000000000000e+00 5.121123148458484216e-03 1.443573519813200375e-02 6.006414642716214301e-03 5.631380173165128136e-03 0.000000000000000000e+00 1.408003318558003446e-02 3.299315740543395242e-02 0.000000000000000000e+00 0.000000000000000000e+00 0.000000000000000000e+00 0.000000000000000000e+00 1.728452222849828634e-01 1.090793792324633443e-01 0.000000000000000000e+00 1.638841887486497742e-02 4.088810894265417772e-01 0.000000000000000000e+00 1.075660509452406113e-02 2.337997115786176125e-02 0.000000000000000000e+00 5.101296793662671129e-03 0.000000000000000000e+00 0.000000000000000000e+00 0.000000000000000000e+00 7.838590071973955756e-03 5.790477700421996915e-03 1.013413254815753728e-02 6.941262672498987180e-03 0.000000000000000000e+00 2.211686954896255330e-01 0.000000000000000000e+00 8.715773395449889424e-03 3.903901432966305068e-02 0.000000000000000000e+00
0.000000000000000000e+00 0.000000000000000000e+00 2.280554949031669137e-02 5.528296583136353692e-03 3.242146424902146717e-02 0.000000000000000000e+00 6.983091727477414544e-03 1.243194387075786250e-02 1.737404444646692761e-02 5.436795967872089241e-02 6.116741501219044759e-03 4.800197473230823769e-02 6.102904716745904956e-03 0.000000000000000000e+00 6.024695539751790188e-03 1.576396519245857122e-02 0.000000000000000000e+00 0.000000000000000000e+00 6.109426410362187726e-02 5.589449604979771641e-02 1.438400709636418473e-02 0.000000000000000000e+00 7.005528193930635195e-02 0.000000000000000000e+00 8.694554387039156104e-03 5.811153706154723562e-03 2.598023755740366814e-02 5.037294844543773777e-03 1.833688810422545029e-02 6.597214824936912733e-03 1.763404878247012142e-01 1.044889974197937832e-02 0.000000000000000000e+00 0.000000000000000000e+00 0.000000000000000000e+00 2.084915121896771251e-01 9.451858530959136515e-03 4.673798780244130952e-02 1.218708120773685510e-01 5.137614966493590091e-02 1.367456596803298396e-01 0.000000000000000000e+00 0.000000000000000000e+00 0.000000000000000000e+00 0.000000000000000000e+00 2.519234895917377148e-01 1.838218263966079000e-02 0.000000000000000000e+00 6.477155025774154577e-03 2.070284084236001867e-02 2.788930948150973588e-02 0.000000000000000000e+00 5.671422997898599438e-03 0.000000000000000000e+00 1.010384475728849825e-02 2.884241982763964887e-02 2.110121597178332697e-02 5.840665816422800985e-03 4.650631648493289139e-02 3.808966958658855512e-02 0.000000000000000000e+00 0.000000000000000000e+00 0.000000000000000000e+00 6.467502361521112499e-03 1.548796593708510333e-02 7.071276043905234954e-03
1.488683915975047845e-01 0.000000000000000000e+00 0.000000000000000000e+00 2.188872089149902778e-02 0.000000000000000000e+00 0.000000000000000000e+00 7.045718803142783648e-02 2.893706033375253311e-02 2.125805273992574518e-02 1.266139210765012714e-02 3.544032556950802576e-02 0.000000000000000000e+00 4.497141328465840970e-02 6.024695539751790188e-03 0.000000000000000000e+00 0.000000000000000000e+00 0.000000000000000000e+00 0.000000000000000000e+00 8.116426402266171264e-03 2.464253533467581844e-02 1.149193519728945734e-02 7.372509750751197501e-03 8.082985425021555273e-03 6.754417673729765093e-02 1.798912296080495618e-02 0.000000000000000000e+00 0.000000000000000000e+00 0.000000000000000000e+00 0.000000000000000000e+00 4.119854370971216123e-02 1.202191194284390682e-02 2.081163549361600765e-02 1.999583396483273212e-02 6.785058003003129924e-03 1.250107290166429901e-02 5.357260771666799010e-03 6.862945282186573570e-02 6.794427853951238300e-03 7.655085291829825944e-02 9.865363449999709627e-03 1.737629423027157310e-02 0.000000000000000000e+00 0.000000000000000000e+00 0.000000000000000000e+00 1.819882884548111937e-02 3.169428614127885874e-02 0.000000000000000000e+00 5.796685374222196839e-03 0.000000000000000000e+00 0.000000000000000000e+00 5.437248115882226986e-03 0.000000000000000000e+00 4.138266339619364048e-02 0.000000000000000000e+00 1.690000627575653433e-02 0.000000000000000000e+00 3.338153984995598927e-02 0.000000000000000000e+00 0.000000000000000000e+00 0.000000000000000000e+00 5.745527366682585610e-03 6.787027382708706036e-03 0.000000000000000000e+00 8.028664877657550394e-03 0.000000000000000000e+00 5.752316876431072187e-03
0.000000000000000000e+00 3.011045316253220874e-02 0.000000000000000000e+00 7.616899621796470107e-03 0.000000000000000000e+00 2.402578219266542775e-02 5.894595298223783211e-03 1.000288497701955354e-01 3.452940916059226706e-01 5.312496849199561250e-02 1.509150939297543570e-01 7.527545301376349293e-03 5.265244136175353806e-02 1.576396519245857122e-02 0.000000000000000000e+00 0.000000000000000000e+00 4.359316149366419535e-01 6.470208030436400137e-02 9.184655601155848961e-03 1.113811961088408305e-02 1.543139287844647045e-02 9.462216570741949218e-03 4.875084651178545475e-02 1.797753765285627775e-02 0.000000000000000000e+00 0.000000000000000000e+00 4.090409250446703227e-01 8.124370503534626003e-03 1.280155923600736004e-02 0.000000000000000000e+00 4.697662870086050796e-02 0.000000000000000000e+00 7.814787273329916115e-03 0.000000000000000000e+00 7.177960711595893217e-02 0.000000000000000000e+00 5.188027128394527218e-03 0.000000000000000000e+00 0.000000000000000000e+00 6.215319886621628598e-02 1.291901701966428027e-02 0.000000000000000000e+00 0.000000000000000000e+00 7.904812105860319418e-03 1.685822702644975135e-01 0.000000000000000000e+00 0.000000000000000000e+00 7.424037409810293857e-03 0.000000000000000000e+00 0.000000000000000000e+00 5.119851149410823039e-03 0.000000000000000000e+00 1.375892165983131146e-02 0.000000000000000000e+00 2.338028046228006473e-02 0.000000000000000000e+00 0.000000000000000000e+00 1.088862399275391732e-02 4.427998482620935927e-02 0.000000000000000000e+00 0.000000000000000000e+00 1.915585734984041888e-02 0.000000000000000000e+00 7.987270659958210783e-02 5.698820946291015266e-02 0.000000000000000000e+00
4.953237875168037957e-02 0.000000000000000000e+00 1.182451023639076101e-02 6.770993027841469905e-03 0.000000000000000000e+00 2.784481536027123005e-01 0.000000000000000000e+00 1.467492888193265912e-02 3.073664105284917847e-01 0.000000000000000000e+00 1.601094904564934196e-01 2.492897387302391715e-02 2.005296294477954822e-01 0.000000000000000000e+00 0.000000000000000000e+00 4.359316149366419535e-01 0.000000000000000000e+00 2.383260586992201058e-01 9.405610030900957153e-02 2.165835706435206287e-01 1.893507964974967470e-02 6.790932524239293167e-02 0.000000000000000000e+00 8.380968026948830418e-02 2.416982895680601096e-01 0.000000000000000000e+00 1.406415727327648899e-02 6.625074692518988229e-03 1.116260288133692907e-01 0.000000000000000000e+00 0.000000000000000000e+00 7.360476396106924168e-02 0.000000000000000000e+00 1.326246107651992134e-01 0.000000000000000000e+00 1.617471216598885264e-01 1.374869123715883636e-02 0.000000000000000000e+00 0.000000000000000000e+00 1.181304689478204911e-01 1.945894585333220461e-01 0.000000000000000000e+00 0.000000000000000000e+00 0.000000000000000000e+00 1.075402057312069629e-02 0.000000000000000000e+00 0.000000000000000000e+00 6.093397933815769031e-03 0.000000000000000000e+00 0.000000000000000000e+00 5.960540584277303905e-02 4.682524132424231711e-02 8.801398490619610770e-02 7.163818533289060229e-03 1.980354370949628448e-02 1.862601971443764853e-02 0.000000000000000000e+00 1.386125746143875015e-01 1.876975750344027014e-02 0.000000000000000000e+00 3.205101990877505524e-02 0.000000000000000000e+00 0.000000000000000000e+00 0.000000000000000000e+00 7.720051216241217117e-03 0.000000000000000000e+00
5.707814662884855804e-03 1.863123562084814319e-02 1.200348734489327558e-02 0.000000000000000000e+00 0.000000000000000000e+00 6.585254297671397535e-03 0.000000000000000000e+00 0.000000000000000000e+00 6.890853615983169589e-03 2.032850741142895601e-02 2.709442633665973266e-01 1.795703073911895237e-02 0.000000000000000000e+00 0.000000000000000000e+00 0.000000000000000000e+00 6.470208030436400137e-02 2.383260586992201058e-01 0.000000000000000000e+00 5.287414582882294517e-02 6.715227728726687328e-03 1.222650481801697692e-01 3.311407633749037516e-02 1.032974462137674874e-02 3.070196505816451954e-02 6.609825233271752337e-03 0.000000000000000000e+00 3.919954776101567534e-02 0.000000000000000000e+00 7.000117435120694828e-03 4.917840442805728601e-02 0.000000000000000000e+00 0.000000000000000000e+00 5.429889428816804357e-03 7.485681759083933837e-03 0.000000000000000000e+00 7.017745387375541946e-03 0.000000000000000000e+00 1.624191684352757625e-02 1.208891166471647884e-02 0.000000000000000000e+00 8.407246322627178609e-03 6.884924946518641842e-02 0.000000000000000000e+00 0.000000000000000000e+00 2.124734604278833219e-02 0.000000000000000000e+00 0.000000000000000000e+00 0.000000000000000000e+00 0.000000000000000000e+00 1.411590200294245666e-02 0.000000000000000000e+00 1.415450072254923093e-02 0.000000000000000000e+00 0.000000000000000000e+00 0.000000000000000000e+00 5.538330193496975550e-03 5.612270801022160860e-03 0.000000000000000000e+00 0.000000000000000000e+00 9.625732421995104870e-02 0.000000000000000000e+00 0.000000000000000000e+00 0.000000000000000000e+00 0.000000000000000000e+00 0.000000000000000000e+00 0.000000000000000000e+00
0.000000000000000000e+00 8.603897868972540733e-03 8.432676764621227505e-03 6.323608155491059792e-03 6.280011574208216318e-02 6.825845679253338127e-03 0.000000000000000000e+00 2.802960288154964300e-02 0.000000000000000000e+00 4.362800040871512297e-01 0.000000000000000000e+00 0.000000000000000000e+00 7.180817222591078311e-03 6.109426410362187726e-02 8.116426402266171264e-03 9.184655601155848961e-03 9.405610030900957153e-02 5.287414582882294517e-02 0.000000000000000000e+00 0.000000000000000000e+00 6.415176955425492926e-03 4.708071187670846008e-02 2.837721994390810659e-02 4.385212964643365324e-02 0.000000000000000000e+00 0.000000000000000000e+00 0.000000000000000000e+00 2.639525589888046947e-02 0.000000000000000000e+00 1.764070294405334707e-02 5.159846698564765979e-03 1.319301947337638697e-02 0.000000000000000000e+00 3.982384934060712034e-02 0.000000000000000000e+00 0.000000000000000000e+00 1.664296877029019031e-02 0.000000000000000000e+00 0.000000000000000000e+00 0.000000000000000000e+00 7.111323163832328209e-02 1.262668642517769321e-02 0.000000000000000000e+00 7.256474645221234684e-03 1.212436704743095027e-02 6.268131411204060088e-03 5.980195938542005873e-02 4.609655325992947222e-02 0.000000000000000000e+00 1.022916893155710258e-02 0.000000000000000000e+00 2.340606196216887466e-02 1.113118777261298646e-02 5.884532681939775960e-03 5.225185390190257434e-02 0.000000000000000000e+00 0.000000000000000000e+00 2.276371216624138022e-02 0.000000000000000000e+00 0.000000000000000000e+00 8.927866506493886689e-02 1.946739256040174934e-02 1.380391234377478966e-02 0.000000000000000000e+00 7.041534372924088646e-03 5.079477025064757338e-03
0.000000000000000000e+00 5.199755930080283105e-03 0.000000000000000000e+00 0.000000000000000000e+00 0.000000000000000000e+00 2.274322745598821027e-02 0.000000000000000000e+00 9.594014623604237360e-03 2.747054592309184848e-02 3.264033489632280072e-02 1.631057549797931827e-02 0.000000000000000000e+00 1.638043358299378846e-02 5.589449604979771641e-02 2.464253533467581844e-02 1.113811961088408305e-02 2.165835706435206287e-01 6.715227728726687328e-03 0.000000000000000000e+00 0.000000000000000000e+00 1.012044752584451320e-02 6.731265018040287311e-03 2.898151981381055786e-02 0.000000000000000000e+00 1.031797027048233194e-02 6.031588273826886566e-03 0.000000000000000000e+00 6.687191476542470037e-02 5.290824902485554565e-03 3.392277823603037645e-02 2.880407821342991295e-02 0.000000000000000000e+00 2.113835635503369392e-02 2.039075551350833654e-02 0.000000000000000000e+00 2.137059903264989721e-02 0.000000000000000000e+00 2.035149889162312167e-02 0.000000000000000000e+00 1.952892778681377881e-02 3.792717382259483960e-01 1.007057294841205881e-02 0.000000000000000000e+00 0.000000000000000000e+00 0.000000000000000000e+00 0.000000000000000000e+00 6.085117466783999604e-03 0.000000000000000000e+00 9.363851884175050308e-03 0.000000000000000000e+00 0.000000000000000000e+00 0.000000000000000000e+00 1.220405592363321343e-02 6.140369899733375686e-02 0.000000000000000000e+00 0.000000000000000000e+00 5.673258155950242076e-02 1.802611730547626911e-01 1.281690577841935498e-02 0.000000000000000000e+00 0.000000000000000000e+00 0.000000000000000000e+00 1.088405830153639509e-02 6.419058593682789617e-03 0.000000000000000000e+00 0.000000000000000000e+00
7.128312798117276625e-03 0.000000000000000000e+00 5.097550439295961758e-03 0.000000000000000000e+00 3.022764735953075224e-02 1.694886517150749616e-01 4.017534545044092187e-02 1.281738662641935741e-02 3.910668141210824067e-02 6.888474959846041523e-02 9.710658515304977992e-03 7.233660311015618904e-02 0.000000000000000000e+00 1.438400709636418473e-02 1.149193519728945734e-02 1.543139287844647045e-02 1.893507964974967470e-02 1.222650481801697692e-01 6.415176955425492926e-03 1.012044752584451320e-02 0.000000000000000000e+00 2.741464667690731716e-01 0.000000000000000000e+00 0.000000000000000000e+00 0.000000000000000000e+00 0.000000000000000000e+00 1.257522351992733656e-01 1.035125774788973191e-01 0.000000000000000000e+00 3.052957251792301485e-01 1.716328890587448877e-02 6.029141982929520083e-02 1.722463185056402057e-01 2.546562880644239191e-01 0.000000000000000000e+00 0.000000000000000000e+00 0.000000000000000000e+00 0.000000000000000000e+00 8.934163510590523161e-02 2.429022430408329242e-02 0.000000000000000000e+00 7.276061943010064467e-03 3.260730236852166231e-02 0.000000000000000000e+00 5.095416890005556587e-02 6.281345824530013520e-03 2.762781564231305345e-02 7.304348272935418107e-02 0.000000000000000000e+00 3.384223135287366124e-02 0.000000000000000000e+00 2.757126425999278929e-02 0.000000000000000000e+00 0.000000000000000000e+00 1.334312535676628921e-02 0.000000000000000000e+00 0.000000000000000000e+00 8.752783214209367349e-03 0.000000000000000000e+00 7.356548334949123205e-03 7.115587281971961012e-03 5.103006178965314131e-03 1.116370083532142177e-02 5.565170315340701827e-03 2.775609445368590333e-02 0.000000000000000000e+00
0.000000000000000000e+00 8.854140214178844726e-03 0.000000000000000000e+00 5.515069594491769228e-03 0.000000000000000000e+00 2.726676462986513672e-01 1.295541901413414798e-02 6.554440476977698576e-03 2.597612599625941099e-02 1.985111185438928616e-01 5.407565010763686411e-03 0.000000000000000000e+00 1.658786653915381507e-02 0.000000000000000000e+00 7.372509750751197501e-03 9.462216570741949218e-03 6.790932524239293167e-02 3.311407633749037516e-02 4.708071187670846008e-02 6.731265018040287311e-03 2.741464667690731716e-01 0.000000000000000000e+00 2.137038433893845291e-02 0.000000000000000000e+00 2.978058013869241613e-02 2.142656612045136522e-02 1.734919809695934304e-02 9.436409958697990555e-03 0.000000000000000000e+00 4.362268376791634816e-01 0.000000000000000000e+00 5.638662406712339342e-02 0.000000000000000000e+00 0.000000000000000000e+00 0.000000000000000000e+00 2.369799400235832881e-02 0.000000000000000000e+00 2.631803111850889582e-02 5.199353721550364904e-03 5.986880752726118915e-02 2.674069878336235440e-02 5.824643192501270141e-03 0.000000000000000000e+00 0.000000000000000000e+00 0.000000000000000000e+00 0.000000000000000000e+00 0.000000000000000000e+00 4.130245172338136567e-02 1.883793919909722836e-01 0.000000000000000000e+00 3.557498133198932350e-02 9.740435804846745219e-03 1.081108829289084347e-02 0.000000000000000000e+00 2.801901985997101718e-01 0.000000000000000000e+00 8.172848154670991905e-02 0.000000000000000000e+00 2.231711012060957552e-02 1.278888379247308978e-02 0.000000000000000000e+00 0.000000000000000000e+00 9.404244766567091893e-03 1.526792385971513510e-02 8.020205739091037372e-03 0.000000000000000000e+00
5.246524287217250657e-03 1.666714451687544354e-02 0.000000000000000000e+00 0.000000000000000000e+00 0.000000000000000000e+00 9.394649192172093918e-03 1.150067302772629640e-01 0.000000000000000000e+00 5.555709773069678059e-02 1.341371614972295366e-02 5.839138329501017410e-02 1.967869896692871767e-01 2.349096766031480085e-02 7.005528193930635195e-02 8.082985425021555273e-03 4.875084651178545475e-02 0.000000000000000000e+00 1.032974462137674874e-02 2.837721994390810659e-02 2.898151981381055786e-02 0.000000000000000000e+00 2.137038433893845291e-02 0.000000000000000000e+00 6.179701279845514761e-02 5.857338990244075061e-02 8.413267848968938867e-03 1.936147264181749816e-01 6.888727450764809898e-03 7.978662782107215010e-03 0.000000000000000000e+00 0.000000000000000000e+00 4.334228241805607867e-02 0.000000000000000000e+00 1.059583020169644479e-02 3.981352663381099166e-02 5.726019795004745790e-03 0.000000000000000000e+00 1.552629160695774904e-02 1.026499825757793971e-01 0.000000000000000000e+00 0.000000000000000000e+00 0.000000000000000000e+00 1.992480481047605168e-02 0.000000000000000000e+00 2.016709750530983059e-02 6.319046921315430235e-03 0.000000000000000000e+00 8.279810962893346948e-03 0.000000000000000000e+00 0.000000000000000000e+00 4.489180295688507960e-02 0.000000000000000000e+00 0.000000000000000000e+00 1.134223324497974153e-02 0.000000000000000000e+00 0.000000000000000000e+00 0.000000000000000000e+00 5.176471018321335098e-03 0.000000000000000000e+00 0.000000000000000000e+00 2.044122373097515336e-02 0.000000000000000000e+00 0.000000000000000000e+00 0.000000000000000000e+00 7.083917092473726931e-03 2.181185949987377373e-02
5.621284078767748230e-03 6.597882429727017217e-03 7.465016009917635476e-02 0.000000000000000000e+00 0.000000000000000000e+00 8.714831998219167708e-02 0.000000000000000000e+00 2.013028980714168248e-02 9.335653825887139240e-03 1.873829253191018340e-01 7.283625582489510787e-03 6.967753233481950928e-03 0.000000000000000000e+00 0.000000000000000000e+00 6.754417673729765093e-02 1.797753765285627775e-02 8.380968026948830418e-02 3.070196505816451954e-02 4.385212964643365324e-02 0.000000000000000000e+00 0.000000000000000000e+00 0.000000000000000000e+00 6.179701279845514761e-02 0.000000000000000000e+00 5.906879711403055684e-03 6.563849513634127664e-02 0.000000000000000000e+00 0.000000000000000000e+00 0.000000000000000000e+00 1.126486366974328718e-01 6.196637872438116174e-03 0.000000000000000000e+00 0.000000000000000000e+00 0.000000000000000000e+00 2.548956599604009984e-02 4.288979158411773684e-02 5.835487974302955468e-03 6.874514098993797506e-02 5.116162720591787248e-03 8.373343324208942784e-02 9.556555582618130387e-03 0.000000000000000000e+00 0.000000000000000000e+00 0.000000000000000000e+00 7.736117250237369708e-03 0.000000000000000000e+00 0.000000000000000000e+00 1.092371360809957642e-01 0.000000000000000000e+00 9.793234718880569623e-02 2.882896559228077110e-02 9.582964400364042679e-02 0.000000000000000000e+00 0.000000000000000000e+00 8.779328624881791582e-03 4.641459281343268684e-02 0.000000000000000000e+00 9.735306491068860049e-03 0.000000000000000000e+00 7.840389284068665851e-03 0.000000000000000000e+00 3.431366697684268829e-01 2.330715906539772980e-02 0.000000000000000000e+00 2.369254958705218836e-02 0.000000000000000000e+00
